0.510128
0.202092
0.638072
0.637858
0.602029
0.461134
0.56
0.457773
0.365697
0.615683
0.439289
0.28189
0.359127
0.25505
0.262554
0.762301
0.834274
0.426955
0.579526
0.463869
0.970719
0.857858
0.291895
0.28987
0.390392
0.483768
0.022915
0.305698
0.233689
0.436039
0.440222
0.0185358
0.996539
0.661897
0.036397
0.806409
0.408522
0.843376
0.578259
0.526989
0.0678892
0.309995
0.363876
0.108196
0.0636466
0.355743
0.347054
0.858349
0.514943
0.883075
0.816852
0.108488
0.591361
0.336053
0.561268
0.877935
0.586371
0.873262
0.433619
0.244985
0.728822
0.0583135
0.837492
0.541415
0.0304597
0.0862741
0.4446
0.394131
0.892644
0.985676
0.782653
0.581815
0.160334
0.196337
0.446094
0.242157
0.0885176
0.717667
0.367509
0.105527
0.708941
0.229905
0.162422
0.954431
0.910802
0.914289
0.947266
0.106585
0.14659
0.0992842
0.612117
0.220135
0.188028
0.550247
0.517851
0.0874696
0.790293
0.544603
0.9348
0.831254
0.521678
0.72262
0.071565
0.276085
0.600114
0.483704
0.598148
0.180996
0.221965
0.143571
0.687663
0.183855
0.345657
0.746787
0.012848
0.529052
0.0895672
0.559504
0.353162
0.747885
0.0118605
0.994756
0.810316
0.808666
0.0119471
0.44809
0.0194028
0.249766
0.885616
0.00199217
0.0729307
0.529529
0.725757
0.479232
0.904895
0.216612
0.209834
0.208892
0.815827
0.272448
0.69423
0.843402
0.065196
0.366645
0.0446832
0.362239
0.0256384
0.645796
0.500362
0.295842
0.813669
0.21523
0.944048
0.440381
0.895378
0.088035
0.9544
0.234012
0.178347
0.598899
0.632849
0.43886
0.167701
0.644845
0.464016
0.745529
0.205145
0.610853
0.00123617
0.135717
0.472324
0.919081
0.466163
0.978742
0.420139
0.413109
0.0190526
0.908617
0.523907
0.34983
0.933229
0.396293
0.742129
0.48593
0.780155
0.814588
0.732377
0.522391
0.18734
0.38305
0.118607
0.148479
0.711247
0.63747
0.0450798
0.919019
0.08428
0.124402
0.392379
0.854874
0.465809
0.0543987
0.6978
0.125616
0.92478
0.722854
0.665756
0.480448
0.94412
0.899208
0.546264
0.223243
0.342997
0.693041
0.796648
0.0366433
0.543379
0.165555
0.686056
0.0824207
0.0120998
0.326538
0.680848
0.168003
0.645863
0.0342015
0.730094
0.249386
0.689345
0.5635
0.0390431
0.00426371
0.479711
0.111849
0.621996
0.748546
0.66394
0.888595
0.018812
0.368835
0.324914
0.773135
0.233709
0.332769
0.217425
0.329592
0.640098
0.491052
0.780787
0.96812
0.0988918
0.0261607
0.878981
0.971178
0.236268
0.158593
0.387915
0.521855
0.458062
0.350896
0.570686
0.957243
0.844572
0.981585
0.496449
0.327093
0.198725
0.542182
0.927334
0.691563
0.0535921
0.527973
0.456462
0.883292
0.52002
0.418817
0.314501
0.81896
0.571686
0.075525
0.383123
0.955998
0.799131
0.742119
0.129604
0.103902
0.930475
0.783828
0.0591321
0.438017
0.827618
0.258988
0.153759
0.794935
0.916815
0.488807
0.0373093
0.233437
0.592427
0.454664
0.3127
0.649685
0.760475
0.673547
0.74572
0.0161734
0.337308
0.283022
0.794511
0.439332
0.738658
0.741162
0.260669
0.217616
0.702511
0.817873
0.671865
0.402752
0.390746
0.525774
0.975186
0.227483
0.677326
0.82691
0.160966
0.41675
0.365368
0.397296
0.160506
0.320325
0.472747
0.938438
0.762349
0.408305
0.0431196
0.623987
0.185905
0.838427
0.948774
0.988031
0.557449
0.762487
0.455125
0.557712
0.750255
0.197998
0.495004
0.367984
0.160333
0.832577
0.782039
0.146417
0.449654
0.671958
0.54527
0.423956
0.162621
0.683188
0.666783
0.851334
0.095831
0.167251
0.443441
0.886076
0.189347
0.914694
0.964957
0.391996
0.60477
0.523936
0.266891
0.506661
0.346143
0.187224
0.194664
0.0218551
0.52281
0.784739
0.327658
0.337715
0.725362
0.353542
0.49121
0.790124
0.404695
0.742101
0.850723
0.303731
0.769384
0.135753
0.796919
0.684005
0.747295
0.0344984
0.266314
0.464554
0.501656
0.264897
0.878437
0.808298
0.367243
0.895022
0.84958
0.0637535
0.0957621
0.533
0.613085
0.0652582
0.314094
0.208832
0.805002
0.0678428
0.264391
0.710288
0.491647
0.821869
0.851705
0.0325229
0.345547
0.513921
0.0890197
0.0828131
0.865857
0.670997
0.685341
0.858002
0.670332
0.232461
0.474514
0.122464
0.983443
0.791646
0.7151
0.983277
0.936237
0.0606956
0.695091
0.444786
0.575402
0.609809
0.929966
0.736683
0.0450939
0.922003
0.365988
0.445032
0.0919858
0.330887
0.940935
0.473929
0.801678
0.815436
0.695545
0.0844334
0.119259
0.304936
0.219335
0.354633
0.615505
0.204271
0.172048
0.0784651
0.496397
0.7458
0.102751
0.885735
0.111479
0.96141
0.695727
0.76804
0.129048
0.747504
0.987166
0.146829
0.281266
0.501324
0.0370101
0.617581
0.0314962
0.708608
0.473732
0.290839
0.286372
0.99061
0.103129
0.783293
0.498301
0.354154
0.411099
0.0802172
0.732371
0.9544
0.334133
0.721034
0.382686
0.595378
0.706508
0.974213
0.466918
0.828993
0.844776
0.327433
0.514626
0.850802
0.367759
0.805954
0.0552164
0.931202
0.763109
0.245944
0.597841
0.431599
