0.781968
0.831643
0.808945
0.404103
0.754753
0.43095
0.132488
0.401421
0.280151
0.336185
0.87196
0.869653
0.74085
0.489683
0.825666
0.0513475
0.669282
0.535427
0.406283
0.991204
0.331652
0.968572
0.901208
0.995195
0.181998
0.961898
0.313067
0.462046
0.35121
0.451178
0.424928
0.551193
0.711564
0.346748
0.868436
0.719001
0.0187789
0.566458
0.324529
0.615872
0.718953
0.461053
0.388082
0.801268
0.960995
0.832704
0.835684
0.93995
0.273246
0.852513
0.697037
0.132063
0.0293136
0.402183
0.909179
0.170076
0.785429
0.335785
0.491279
0.507845
0.301575
0.597138
0.119591
0.392968
0.882747
0.851147
0.992613
0.532511
0.0275709
0.472061
0.723277
0.965265
0.234533
0.181979
0.458687
0.325179
0.480468
0.296387
0.826745
0.460752
0.766605
0.679789
0.865251
0.330748
0.391418
0.187242
0.759354
0.115263
0.923799
0.281519
0.205024
0.504367
0.352495
0.188906
0.62098
0.511148
0.937658
0.739901
0.977777
0.0708099
0.136791
0.894326
0.177226
0.158922
0.894416
0.417774
0.730694
0.504481
0.0198472
0.423532
0.630824
0.957499
0.656715
0.178751
0.0592066
0.942805
0.90073
0.964362
0.141227
0.491774
0.494093
0.507644
0.870039
0.868999
0.590854
0.0418156
0.655564
0.321225
0.294185
0.182875
0.558149
0.377631
0.876208
0.68701
0.0475502
0.303545
0.864822
0.6341
0.571337
0.790356
0.232494
0.712023
0.753663
0.256954
0.448874
0.0743869
0.736143
0.805154
0.374727
0.588325
0.241302
0.961612
0.585291
0.817823
0.0933086
0.121754
0.18998
0.606042
0.846123
0.137403
0.812441
0.537758
0.426209
0.812552
0.690498
0.834116
0.553719
0.819042
0.868764
0.63453
0.80863
0.858718
0.558945
0.149138
0.0903553
0.602886
0.854715
0.557688
0.196323
0.503335
0.151861
0.863631
0.865095
0.0953136
0.296447
0.260445
0.832954
0.696757
0.909717
0.112
0.0997797
0.809081
0.856366
0.343799
0.60993
0.645273
0.85643
0.0447053
0.679473
0.849685
0.74412
0.567103
0.0422499
0.773752
0.151942
0.905768
0.00156232
0.656902
0.149853
0.567931
0.261812
0.340226
0.662787
0.15328
0.919532
0.955947
0.341459
0.875637
0.0427649
0.794714
0.0237985
0.363112
0.215403
0.936307
0.500454
0.512717
0.658742
0.608994
0.654542
0.250604
0.0532619
0.765192
0.158312
0.634229
0.578456
0.73051
0.10051
0.299006
0.981067
0.33007
0.301682
0.121619
0.556811
0.266313
0.739331
0.38161
0.721107
0.705307
0.654909
0.0578518
0.539771
0.369463
0.0730798
0.388614
0.456271
0.249418
0.0701935
0.972587
0.152601
0.667385
0.410968
0.359137
0.80324
0.994451
0.175532
0.356848
0.603784
0.55087
0.702423
0.649061
0.932095
0.151122
0.530563
0.489096
0.111898
0.892528
0.631988
0.653497
0.0989303
0.0523506
0.738405
0.0127418
0.189797
0.192876
0.927811
0.22635
0.899718
0.896342
0.578397
0.175106
0.122136
0.960685
0.463723
0.159198
0.290102
0.362398
0.114723
0.273291
0.52725
0.633936
0.439144
0.410929
0.961358
0.383958
0.903827
0.456927
0.493847
0.110731
0.014324
0.938641
0.548663
0.65208
0.304625
0.970645
0.580993
0.758213
0.774601
0.0911969
0.818178
0.600523
0.810724
0.323525
0.372436
0.476739
0.497629
0.56059
0.64282
0.985422
0.616495
0.370681
0.0318931
0.838451
0.466741
0.493193
0.314668
0.404718
0.595464
0.892544
0.26526
0.278328
0.389563
0.507498
0.69599
0.87465
0.832385
0.0955881
0.0199052
0.922584
0.0274275
0.371296
0.403176
0.616785
0.585028
0.339926
0.437476
0.267234
0.37624
0.821541
0.863949
0.597684
0.811342
0.50881
0.338547
0.967672
0.986683
0.321989
0.0871272
0.701596
0.705845
0.858056
0.265891
0.282
0.14707
0.525381
0.319486
0.517388
0.12438
0.70073
0.770696
0.86686
0.102361
0.475862
0.402218
0.745936
0.317031
0.969412
0.819194
0.05874
0.152373
0.174955
0.306123
0.929392
0.670604
0.849592
0.593151
0.298825
0.833463
0.200204
0.0025672
0.746028
0.942206
0.163228
0.782601
0.598772
0.643261
0.537345
0.478237
0.932781
0.98392
0.28765
0.428578
0.323176
0.741784
0.984746
0.83847
0.316565
0.231287
0.342481
0.0478373
0.897253
0.503651
0.271124
0.749722
0.944052
0.731504
0.962693
0.524164
0.594747
0.135127
0.788678
0.702488
0.511568
0.244743
0.769356
0.974141
0.0172955
0.368357
0.126084
0.544903
0.942771
0.817905
0.199157
0.318907
0.694753
0.22362
0.12684
0.403688
0.0103968
0.0917747
0.672003
0.22314
0.258458
0.839999
0.79499
0.268666
0.6794
0.696464
0.98045
0.644744
0.37758
0.0884878
0.599571
0.129367
0.792544
0.323576
0.980528
0.89052
0.5374
0.782356
0.334139
0.6654
0.950743
0.397381
0.459597
0.0995766
0.380705
0.474934
0.70059
0.132406
0.73673
0.663676
0.571639
0.0563359
0.378251
0.0052902
0.606042
0.0603212
0.486142
0.407122
0.218995
0.530282
0.972224
0.413883
0.716268
0.851711
0.327605
0.224356
0.692669
0.345304
0.705893
0.888759
0.85151
0.2196
0.533849
0.300286
0.51858
0.0075341
0.0871505
0.598141
0.122675
0.777258
0.746296
