0.660933
0.365664
0.295463
0.108036
0.369151
0.847168
0.456768
0.784045
0.854051
0.351825
0.784364
0.427544
0.487958
0.209073
0.173256
0.272025
0.685775
0.602373
0.318443
0.686643
0.626869
0.168342
0.856059
0.396121
0.743595
0.774865
0.929653
0.858708
0.498747
0.595517
0.62431
0.400744
0.768325
0.627741
0.438314
0.331077
0.132819
0.845645
0.501464
0.390381
0.147748
0.452401
0.505438
0.989127
0.885456
0.012874
0.656039
0.091481
0.691931
0.803487
0.101112
0.703463
0.952668
0.232197
0.194781
0.821187
0.18364
0.721536
0.425391
0.809059
0.003227
0.164571
0.473042
0.476894
0.303426
0.864433
0.602958
0.17842
0.401792
0.0328451
0.014089
0.66291
0.0788929
0.0273382
0.316728
0.258267
0.635442
0.89021
0.6283
0.0736003
0.22978
0.353422
0.763615
0.908115
0.620787
0.177095
0.941522
0.575391
0.400305
0.917836
0.0522581
0.450106
0.0569467
0.860297
0.665132
0.531435
0.526323
0.945065
0.235259
0.593592
0.342142
0.819532
0.564545
0.313635
0.324985
0.590581
0.727455
0.452461
0.327132
0.410829
0.383884
0.527236
0.755957
0.190836
0.000471827
0.166762
0.331733
0.773524
0.321326
0.703178
0.49842
0.06652
0.588751
0.558138
0.98539
0.172879
0.321825
0.647875
0.142107
0.140021
0.5679
0.706016
0.395497
0.512691
0.63985
0.909552
0.189343
0.258206
0.311235
0.885011
0.923551
0.403738
0.859156
0.351958
0.982976
0.400278
0.134516
0.102296
0.102431
0.4864
0.723896
0.782009
0.25973
0.605415
0.453027
0.450254
0.482758
0.865634
0.0151504
0.348303
0.274184
0.13113
0.472972
0.68141
0.866239
0.360026
0.344843
0.560891
0.622681
0.775721
0.979656
0.850031
0.957136
0.952422
0.592287
0.542855
0.220202
0.705592
0.737923
0.19262
0.461774
0.4647
0.905973
0.953596
0.129399
0.925728
0.767256
0.324635
0.447273
0.908931
0.0926508
0.268854
0.0967338
0.696316
0.952305
0.0171661
0.774632
0.484546
0.347412
0.58955
0.863526
0.412849
0.544725
0.502815
0.092846
0.63196
0.468016
0.997945
0.560282
0.869586
0.419995
0.182977
0.975746
0.959165
0.503036
0.0374666
0.419824
0.898797
0.334242
0.0467979
0.539972
0.323935
0.936901
0.367063
0.565664
0.0970082
0.0927594
0.255184
0.402174
0.736535
0.153124
0.361785
0.813485
0.504468
0.56755
0.412438
0.645981
0.998293
0.438994
0.522272
0.510779
0.696015
0.0060082
0.820717
0.138853
0.505
0.331601
0.206081
0.715915
0.292571
0.491491
0.484958
0.455392
0.449972
0.969112
0.841881
0.796576
0.00537425
0.273858
0.722265
0.197371
0.13012
0.643079
0.794675
0.691938
0.395387
0.875722
0.505853
0.57552
0.583816
0.95053
0.734572
0.978961
0.0181808
0.167045
0.693203
0.574211
0.943871
0.985749
0.606486
0.921398
0.483898
0.535316
0.500376
0.476996
0.225081
0.219667
0.45766
0.839935
0.300625
0.230082
0.712723
0.766862
0.475225
0.276854
0.51844
0.965141
0.125003
0.323271
0.517388
0.0120584
0.525995
0.362563
0.628228
0.624324
0.684234
0.38829
0.521635
0.384718
0.0393946
0.779834
0.261441
0.451271
0.186062
0.742962
0.898318
0.31378
0.55366
0.344504
0.176089
0.672647
0.260092
0.0844941
0.39066
0.719637
0.118864
0.552068
0.413861
0.437053
0.578497
0.0526352
0.605862
0.680299
0.934956
0.507171
0.703599
0.00911112
0.896307
0.251031
0.0407617
0.839002
0.312975
0.0268732
0.602459
0.169736
0.828861
0.557578
0.246906
0.549303
0.0630216
0.9848
0.233277
0.592451
0.281046
0.0597871
0.159477
0.238892
0.628942
0.915051
0.484736
0.288562
0.689323
0.779573
0.364633
0.401418
0.787045
0.7615
0.408259
0.556207
0.0106637
0.214571
0.247467
0.541017
0.867241
0.273998
0.333392
0.818804
0.0725418
0.0245101
0.453522
0.811067
0.723836
0.913605
0.0554866
0.437294
0.652927
0.885027
0.174019
0.98477
0.662532
0.241989
0.325294
0.376232
0.123368
0.47444
0.0437718
0.2229
0.511591
0.0146089
0.303201
0.0176835
0.825812
0.915055
0.363854
0.659805
0.132439
0.828293
0.0133841
0.26524
0.845083
0.253098
0.475185
0.280521
0.148569
0.931811
0.376419
0.478076
0.71823
0.380995
0.128844
0.774598
0.0137821
0.350788
0.627137
0.634108
0.492989
0.756062
0.172137
0.821597
0.422039
0.966492
0.976214
0.534555
0.615716
0.144199
0.569251
0.0554015
0.265425
0.432809
0.92367
0.15164
0.450667
0.701348
0.729248
0.101563
0.49076
0.424196
0.0821348
0.527411
0.217996
0.0871751
0.51066
0.177503
0.498896
0.617366
0.119564
0.920377
0.347511
0.873989
0.868731
0.503116
0.818986
0.408006
0.654799
0.644508
0.935909
0.594747
0.624907
0.681239
0.347991
0.0116834
0.841549
0.445806
0.644995
0.894233
0.762032
0.739265
0.591216
0.746063
0.580791
0.216583
0.852991
0.262128
0.221305
0.988743
0.0920109
0.179206
0.745216
0.378615
0.912259
0.301571
0.530758
0.168714
0.470247
0.943999
0.0483425
0.357177
0.087521
0.700976
0.49538
0.202279
0.202566
0.663228
0.240458
0.188804
0.653946
0.699927
0.129558
0.82036
0.610343
0.40948
0.834537
