0.970616
0.616905
0.246053
0.499986
0.0338173
0.480827
0.281193
0.490461
0.0832484
0.663651
0.250643
0.711578
0.00946268
0.451269
0.538041
0.76447
0.341997
0.253844
0.848774
0.206724
0.473948
0.207279
0.172092
0.789547
0.849413
0.68673
0.560282
0.00121978
0.212025
0.643524
0.855079
0.336582
0.92281
0.27523
0.143615
0.271762
0.968374
0.683755
0.434747
0.392687
0.110227
0.612007
0.467857
0.197125
0.824666
0.963617
0.523578
0.280129
0.696839
0.437089
0.324778
0.909256
0.632772
0.615144
0.497956
0.0911173
0.702515
0.833853
0.32854
0.88275
0.251138
0.328428
0.115427
0.242273
0.92387
0.517685
0.27006
0.115014
0.0967714
0.335944
0.549516
0.773438
0.0704464
0.994191
0.873244
0.296296
0.384415
0.527874
0.0052419
0.84746
0.836365
0.318366
0.1196
0.604756
0.877923
0.978937
0.338374
0.265941
0.148562
0.848306
0.417455
0.0696375
0.479293
0.842799
0.836363
0.305185
0.66023
0.54693
0.259754
0.236053
0.522402
0.0556246
0.917437
0.443489
0.0729563
0.568622
0.535596
0.632588
0.782472
0.573405
0.41817
0.169318
0.0666931
0.0935726
0.655625
0.12143
0.00643575
0.0560748
0.531077
0.203608
0.530965
0.676485
0.50252
0.0223466
0.452977
0.300622
0.460808
0.992969
0.191804
0.936776
0.957257
0.480754
0.643838
0.0489497
0.121768
0.11503
0.709928
0.36389
0.447093
0.100797
0.276785
0.0177658
0.473943
0.689368
0.224753
0.693724
0.724367
0.8464
0.0596746
0.4394
0.80586
0.729874
0.0592541
0.848575
0.482089
0.904145
0.686771
0.775189
0.468794
0.0622531
0.54671
0.536433
0.249427
0.634512
0.196733
0.243304
0.766614
0.836361
0.780057
0.881295
0.430882
0.529496
0.40497
0.548017
0.927404
0.448334
0.399146
0.706423
0.602004
0.845407
0.877842
0.130808
0.867623
0.270625
0.726561
0.912726
0.734053
0.0412969
0.807327
0.310264
0.752818
0.328622
0.0846908
0.567842
0.22095
0.216155
0.647068
0.76924
0.562984
0.257677
0.03773
0.720484
0.742996
0.805684
0.0363315
0.413094
0.118421
0.426189
0.389663
0.306196
0.649163
0.147983
0.2592
0.0433411
0.779257
0.70318
0.294941
0.209642
0.130887
0.973927
0.867333
0.10342
0.754172
0.350233
0.85162
0.860985
0.586671
0.595113
0.474353
0.108073
0.0298006
0.596075
0.966674
0.369793
0.380769
0.179709
0.656443
0.92456
0.196512
0.351179
0.297413
0.354545
0.595563
0.250178
0.709126
0.988014
0.82471
0.0540115
0.717046
0.769148
0.503443
0.473501
0.0675263
0.273021
0.143681
0.307292
0.158529
0.10135
0.335683
0.87169
0.209514
0.534916
0.338307
0.440198
0.0264687
0.710358
0.646768
0.436192
0.945341
0.127332
0.542313
0.276975
0.478667
0.317473
0.31067
0.782127
0.0651375
0.318242
0.666968
0.511402
0.116216
0.250892
0.566096
0.929784
0.796227
0.563817
0.769763
0.160012
0.623743
0.137889
0.000620337
0.925836
0.8691
0.574454
0.989992
0.695656
0.21499
0.328297
0.957159
0.452509
0.147636
0.384465
0.712316
0.00915622
0.735658
0.0138683
0.856514
0.274749
0.329248
0.720835
0.41655
0.726144
0.305081
0.505065
0.982163
0.289487
0.808828
0.114065
0.165903
0.786683
0.95433
0.920742
0.224069
0.378926
0.400755
0.20681
0.0460074
0.254737
0.873966
0.329104
0.693988
0.389479
0.0102243
0.254417
0.175353
0.297918
0.32276
0.929277
0.830467
0.970579
0.500507
0.794581
0.950425
0.191765
0.0405474
0.36152
0.560584
0.477752
0.159779
0.288283
0.843265
0.606244
0.211636
0.418612
0.152258
0.88966
0.194659
0.313465
0.262647
0.401467
0.88897
0.969225
0.613445
0.551463
0.301485
0.772717
0.806614
0.0246257
0.476199
0.763151
0.721482
0.582678
0.394451
0.600658
0.316608
0.177352
0.661184
0.526915
0.900004
0.241936
0.925548
0.0686904
0.0476218
0.710688
0.246307
0.0948294
0.510007
0.873929
0.88215
0.592843
0.648033
0.0914715
0.502098
0.130394
0.163644
0.31348
0.561256
0.900899
0.873136
0.700574
0.406904
0.334398
0.313281
0.518756
0.85036
0.814102
0.666319
0.76994
0.041954
0.321166
0.540216
0.495335
0.772874
0.510661
0.84229
0.432732
0.386146
0.158786
0.777656
0.955942
0.176682
0.507276
0.297147
0.431134
0.743441
0.990077
0.25363
0.832824
0.334167
0.464338
0.395676
0.088022
0.781387
0.678649
0.0820395
0.940268
0.310577
0.732287
0.399529
0.89872
0.107678
0.466623
0.50569
0.92513
0.698958
0.741623
0.197941
0.181217
0.792984
0.304539
0.30516
0.902403
0.838695
0.19924
0.766709
0.746855
0.977687
0.165157
0.324127
0.774588
0.407255
0.255252
0.111575
0.272517
0.308653
0.673794
0.485463
0.269739
0.175957
0.723343
0.153584
0.220766
0.718183
0.548516
0.295515
0.94964
0.220558
0.0519822
0.915998
0.183061
0.0487779
0.465953
0.880935
0.41856
0.660228
0.298722
0.386023
0.931953
0.595258
0.232156
0.783836
0.811118
0.631923
0.216259
0.212773
0.477418
0.733008
0.549036
0.11282
0.534947
0.862751
0.325803
0.206138
0.244219
0.963904
0.530708
0.857556
0.187122
0.580989
0.728658
0.903388
0.403373
