0.284189
0.905928
0.220789
0.474602
0.677096
0.870371
0.715521
0.239269
0.831329
0.643212
0.491044
0.91154
0.95325
0.904805
0.0490742
0.407818
0.393218
0.188229
0.473651
0.901838
0.986998
0.0994903
0.718044
0.441462
0.923722
0.73261
0.0300666
0.854421
0.341038
0.862001
0.828423
0.125266
0.0651287
0.993035
0.402253
0.714273
0.0569459
0.197595
0.764982
0.0720731
0.133245
0.529969
0.723036
0.193911
0.235833
0.158602
0.41476
0.269369
0.729558
0.375962
0.82678
0.937375
0.210073
0.516847
0.818447
0.417322
0.920053
0.835886
0.344102
0.194666
0.632981
0.275739
0.355845
0.861038
0.190281
0.238202
0.393909
0.00999802
0.552497
0.442371
0.0203455
0.88148
0.37732
0.573521
0.306748
0.263958
0.407276
0.690532
0.289839
0.499777
0.456967
0.542419
0.970373
0.877527
0.517341
0.952942
0.666939
0.43868
0.963679
0.177951
0.432835
0.790675
0.420998
0.38957
0.254916
0.953348
0.605351
0.529565
0.351892
0.315094
0.945105
0.849136
0.132561
0.910413
0.829233
0.785917
0.778612
0.0582848
0.693257
0.015798
0.999678
0.430022
0.926767
0.536664
0.857929
0.337079
0.653231
0.817337
0.796123
0.376019
0.0290623
0.100046
0.484738
0.0549361
0.802306
0.366254
0.661375
0.557977
0.865011
0.296372
0.054705
0.537055
0.628263
0.532424
0.700085
0.703278
0.195332
0.944552
0.673665
0.509917
0.922244
0.917646
0.27544
0.476999
0.344308
0.192296
0.00844829
0.529838
0.957181
0.534782
0.0961309
0.928752
0.942358
0.106741
0.771177
0.795641
0.872023
0.0567103
0.138288
0.546325
0.784224
0.621961
0.832211
0.637189
0.829688
0.853418
0.822841
0.0833083
0.563523
0.494513
0.672398
0.400467
0.272566
0.812585
0.283652
0.376058
0.476264
0.874418
0.493872
0.838896
0.357812
0.539812
0.0175733
0.57068
0.571591
0.942699
0.00770962
0.943063
0.984624
0.667673
0.196021
0.225956
0.282806
0.267899
0.70042
0.938825
0.294928
0.681593
0.593593
0.806065
0.903852
0.202259
0.283061
0.934201
0.362293
0.549593
0.936319
0.0135944
0.732089
0.575533
0.606127
0.756157
0.815604
0.477955
0.198747
0.0334497
0.71025
0.799722
0.106762
0.218079
0.356547
0.448235
0.683943
0.663251
0.188038
0.185021
0.0712614
0.738992
0.140729
0.314236
0.251111
0.236134
0.970108
0.345153
0.685393
0.779366
0.00816966
0.937316
0.528725
0.940735
0.590649
0.157376
0.882357
0.947182
0.90071
0.644194
0.096607
0.891629
0.870455
0.950838
0.809936
0.254141
0.174491
0.97451
0.225151
0.208285
0.113666
0.320977
0.460592
0.723817
0.187414
0.704683
0.128145
0.649279
0.507639
0.859439
0.439509
0.307341
0.420777
0.618287
0.490838
0.253003
0.187459
0.534936
0.000966852
0.862895
0.324541
0.872352
0.310608
0.255615
0.22512
0.418848
0.727098
0.199119
0.158466
0.40791
0.75243
0.305765
0.136502
0.750403
0.30512
0.941744
0.346466
0.889934
0.327739
0.325535
0.0939123
0.686753
0.253104
0.344416
0.543196
0.388988
0.305388
0.603853
0.299987
0.15744
0.0578338
0.209135
0.677548
0.143361
0.104315
0.598174
0.199412
0.929137
0.0489786
0.810756
0.773164
0.51253
0.573547
0.0310042
0.0845756
0.33179
0.266536
0.487608
0.648026
0.313115
0.546565
0.55471
0.813521
0.906007
0.790129
0.449381
0.325053
0.25584
0.330513
0.931456
0.847309
0.412457
0.395786
0.849071
0.255627
0.531622
0.670914
0.684094
0.757212
0.0432482
0.381003
0.360357
0.854065
0.972831
0.820604
0.544607
0.0865471
0.826595
0.683036
0.748924
0.492457
0.269042
0.395157
0.384741
0.482753
0.453992
0.19833
0.419234
0.350832
0.273538
0.718984
0.803187
0.358264
0.382233
0.94092
0.159383
0.781738
0.10597
0.531539
0.725475
0.869717
0.0147822
0.748112
0.0487015
0.949006
0.271131
0.492969
0.138383
0.943502
0.727392
0.799557
0.900548
0.833042
0.403861
0.543496
0.754031
0.92694
0.679109
0.26497
0.198076
0.349276
0.335253
0.293866
0.735043
0.45026
0.467748
0.369527
0.512698
0.339918
0.758869
0.0350789
0.331526
0.714376
0.65443
0.418215
0.572302
0.37599
0.887399
0.286417
0.531347
0.0376415
0.650199
0.917041
0.160132
0.537057
0.0874519
0.00736252
0.855973
0.654923
0.762903
0.300648
0.147815
0.877221
0.830788
0.529323
0.268169
0.807701
0.237348
0.893845
0.105273
0.166742
0.611457
0.677521
0.880406
0.463332
0.141587
0.790596
0.274869
0.715862
0.572725
0.201801
0.552062
0.132867
0.174596
0.849284
0.111506
0.26346
0.750905
0.27897
0.759205
0.0819852
0.345
0.700465
0.671091
0.0778521
0.591757
0.73778
0.788713
0.0219437
0.25728
0.365404
0.503539
0.28172
0.558354
0.149183
0.502996
0.282584
0.931749
0.3603
0.772654
0.0670785
0.0227217
0.773845
0.793973
0.0536923
0.551207
0.574016
0.170976
0.104263
0.241719
0.219529
0.116469
0.242949
0.832517
0.0123047
0.142229
0.30693
0.164233
0.71048
0.144536
0.492493
0.0860726
0.887857
0.876782
0.352345
0.120851
0.476641
0.118852
0.910815
0.946642
0.929704
0.492128
0.1922
0.193298
0.450598
0.834116
