0.896566
0.896619
0.550134
0.0678213
0.304701
0.0122413
0.836937
0.642134
0.966713
0.334906
0.694047
0.738713
0.00779031
0.295767
0.349897
0.132452
0.924833
0.680398
0.697495
0.140259
0.00976108
0.840541
0.486382
0.984342
0.128287
0.0534506
0.901062
0.98332
0.372628
0.300945
0.713534
0.993322
0.227738
0.853978
0.0110146
0.0246604
0.208417
0.99341
0.468423
0.755967
0.503349
0.681696
0.950059
0.745744
0.532743
0.272909
0.48513
0.303496
0.077203
0.980732
0.256319
0.608203
0.228787
0.114257
0.240766
0.597412
0.775194
0.680797
0.352643
0.677183
0.769075
0.637854
0.606623
0.656875
0.306339
0.925675
0.0675932
0.569795
0.129128
0.879724
0.440607
0.320827
0.832616
0.182928
0.963936
0.703098
0.789653
0.465125
0.581094
0.171941
0.784032
0.741206
0.234124
0.68013
0.726537
0.512994
0.819687
0.559542
0.317608
0.256146
0.71546
0.763837
0.0425887
0.85964
0.196305
0.880813
0.868077
0.396048
0.909182
0.557478
0.655818
0.71422
0.338339
0.194198
0.259207
0.895381
0.153077
0.245289
0.051173
0.255565
0.924558
0.435715
0.957253
0.556236
0.978194
0.850346
0.0653738
0.40367
0.0622712
0.558839
0.0531764
0.298431
0.720466
0.190334
0.304489
0.122056
0.570316
0.199461
0.327276
0.027769
0.240089
0.319947
0.514503
0.829231
0.747448
0.483707
0.890001
0.803667
0.744363
0.668345
0.309145
0.14405
0.964142
0.811978
0.818798
0.995105
0.125121
0.00510574
0.51162
0.85631
0.152597
0.324491
0.337271
0.362064
0.347574
0.469949
0.90924
0.940532
0.820732
0.0948934
0.000308768
0.813362
0.128259
0.863702
0.245254
0.253272
0.890765
0.0439386
0.634328
0.512441
0.30553
0.941264
0.202296
0.712585
0.843758
0.15386
0.251057
0.436651
0.279329
0.298351
0.787528
0.752584
0.790506
0.136135
0.937207
0.0806314
0.365742
0.858756
0.104911
0.127918
0.896182
0.461362
0.385362
0.574131
0.361185
0.265637
0.945407
0.518994
0.313225
0.473935
0.237091
0.873683
0.590799
0.899102
0.685765
0.554717
0.726574
0.693061
0.204799
0.75635
0.274022
0.30309
0.214236
0.166718
0.725178
0.616178
0.632206
0.668457
0.229995
0.587612
0.612565
0.507392
0.608682
0.8572
0.733562
0.0227771
0.195664
0.391791
0.198269
0.669994
0.373248
0.768646
0.894325
0.220468
0.950703
0.574768
0.91856
0.605387
0.699182
0.146296
0.94497
0.453297
0.909236
0.384357
0.215813
0.549075
0.832389
0.0788871
0.666216
0.26518
0.401636
0.19148
0.612471
0.27602
0.814776
0.0869206
0.634996
0.203559
0.258577
0.52789
0.852068
0.812176
0.191338
0.0521051
0.0589615
0.57483
0.264801
0.197578
0.173836
0.223402
0.0369332
0.434097
0.991681
0.575358
0.0184932
0.101436
0.70608
0.712484
0.28465
0.161016
0.561368
0.810145
0.273525
0.907917
0.0262067
0.532798
0.193822
0.126611
0.911662
0.595221
0.212554
0.576207
0.839666
0.58601
0.897805
0.831277
0.245924
0.631636
0.0876299
0.250293
0.99165
0.165729
0.788333
0.980379
0.597184
0.115369
0.615529
0.717255
0.537786
0.953835
0.187673
0.660523
0.239254
0.786772
0.276417
0.871572
0.0369176
0.0509553
0.499693
0.669661
0.990434
0.255116
0.95362
0.579364
0.883678
0.089806
0.486256
0.84155
0.237243
0.597395
0.159831
0.144107
0.580121
0.565949
0.480158
0.70006
0.0456482
0.512301
0.91752
0.296114
0.00988749
0.130515
0.637033
0.193708
0.685946
0.336462
0.79889
0.31878
0.529743
0.510587
0.692752
0.321244
0.186736
0.24888
0.891584
0.205302
0.103361
0.239242
0.50864
0.378732
0.837771
0.529747
0.347108
0.733242
0.440908
0.591805
0.0375772
0.817183
0.0588472
0.570117
0.00692096
0.877714
0.635647
0.0408319
0.827106
0.798977
0.935462
0.570573
0.405156
0.778476
0.817869
0.6865
0.0181186
0.0722237
0.779857
0.732885
0.594572
0.643735
0.867398
0.0773783
0.789528
0.522102
0.329815
0.209202
0.569738
0.238649
0.648406
0.12422
0.23419
0.898588
0.0832255
0.522219
0.891421
0.602575
0.300177
0.513081
0.224064
0.407917
0.80024
0.875663
0.776364
0.360901
0.581217
0.903403
0.545488
0.129881
0.760074
0.990551
0.40102
0.485429
0.162756
0.571961
0.355405
0.696688
0.0421436
0.426034
0.74882
0.546898
0.978212
0.921652
0.38457
0.576113
0.258104
0.223735
0.562609
0.451732
0.724287
0.0827047
0.292095
0.42727
0.409898
0.970108
0.113452
0.853725
0.386241
0.571627
0.888439
0.682532
0.375474
0.61661
0.570098
0.310716
0.461276
0.263331
0.736233
0.968197
0.521272
0.00698142
0.0942077
0.0751905
0.033823
0.892662
0.734146
0.440683
0.205605
0.651805
0.537758
0.114649
0.0845538
0.0843315
0.0249229
0.865723
0.813487
0.963693
0.139851
0.838854
0.362236
0.15979
0.955842
0.958092
0.229199
0.900394
0.450021
0.674836
0.163298
0.196818
0.183187
0.0445303
0.645754
0.411335
0.659022
0.495329
0.504807
0.60185
0.405072
0.174733
0.742047
0.912732
0.897821
0.592953
0.0376235
0.512079
0.321853
0.711357
0.384987
0.168079
0.517027
0.363672
0.621773
0.531261
0.929403
0.12874
