0.939409
0.043466
0.170586
0.766094
0.923476
0.587618
0.487507
0.654226
0.965837
0.886007
0.719191
0.867527
0.879789
0.552437
0.812192
0.504951
0.708254
0.513019
0.409022
0.350516
0.0543392
0.139212
0.643961
0.274716
0.801705
0.511712
0.327041
0.2755
0.996109
0.282516
0.993057
0.605856
0.653972
0.91081
0.560469
0.453152
0.844726
0.832
0.176091
0.718194
0.442531
0.955639
0.624554
0.334879
0.303769
0.455913
0.373598
0.623417
0.25655
0.495501
0.405472
0.198458
0.654267
0.629231
0.670641
0.948906
0.340615
0.244007
0.985019
0.38629
0.0199931
0.310302
0.186081
0.309786
0.546235
0.762034
0.369208
0.304046
0.192212
0.276872
0.793513
0.209187
0.18644
0.545803
0.0249061
0.489213
0.749792
0.169471
0.998821
0.973916
0.64955
0.145122
0.528857
0.342858
0.103964
0.297024
0.290586
0.253572
0.118263
0.185671
0.492395
0.722788
0.480442
0.682195
0.421443
0.0218533
0.619393
0.680503
0.57921
0.0913155
0.880678
0.53627
0.0877686
0.572128
0.730122
0.25457
0.27988
0.358226
0.793381
0.138919
0.526637
0.376211
0.0293721
0.636811
0.0211845
0.901024
0.0325366
0.549731
0.919941
0.226002
0.820318
0.694534
0.00770943
0.422197
0.0892426
0.465358
0.81427
0.803728
0.942401
0.0832921
0.0192068
0.746316
0.560723
0.888235
0.247384
0.0570002
0.151171
0.251762
0.929607
0.0476861
0.299575
0.237325
0.268718
0.490911
0.339378
0.752244
0.301368
0.908144
0.0866299
0.827389
0.574443
0.742762
0.778458
0.535642
0.457272
0.297767
0.365888
0.686851
0.74944
0.701123
0.225336
0.693512
0.299371
0.198398
0.274485
0.707014
0.634352
0.718978
0.997092
0.207691
0.820156
0.762432
0.834373
0.130485
0.902487
0.702207
0.991971
0.193237
0.256687
0.344503
0.408028
0.84363
0.476874
0.868788
0.289664
0.73029
0.452904
0.0669138
0.238131
0.89137
0.977457
0.943655
0.533215
0.414412
0.0278985
0.13527
0.365462
0.194882
0.77957
0.768676
0.0624794
0.380583
0.924807
0.236045
0.44027
0.100511
0.258523
0.405914
0.0552763
0.363066
0.952234
0.659152
0.693699
0.489021
0.681973
0.0531561
0.1782
0.543157
0.198326
0.284045
0.110069
0.138443
0.16608
0.787992
0.305175
0.743359
0.889785
0.864236
0.739421
0.508616
0.14953
0.809507
0.60375
0.939858
0.933481
0.793245
0.771519
0.0838877
0.534452
0.186916
0.168728
0.0647164
0.193441
0.246387
0.7608
0.680291
0.61854
0.102375
0.159506
0.331603
0.170568
0.472179
0.922348
0.867831
0.108058
0.223349
0.298484
0.452168
0.762878
0.743758
0.204588
0.457108
0.896431
0.589811
0.896355
0.56024
0.898048
0.0855418
0.885436
0.0886135
0.962471
0.428297
0.0258763
0.0600698
0.111635
0.252827
0.925591
0.928038
0.839794
0.623648
0.470826
0.0932522
0.963842
0.608243
0.260813
0.440713
0.662239
0.510202
0.120176
0.331955
0.463592
0.412412
0.399536
0.0116167
0.398987
0.0886568
0.137875
0.139485
0.954869
0.655041
0.657339
0.00100727
0.212162
0.744821
0.73995
0.393521
0.905115
0.117932
0.747088
0.51853
0.467409
0.127708
0.02932
0.383924
0.291306
0.0582503
0.848051
0.465812
0.49155
0.273562
0.871497
0.306177
0.725143
0.811534
0.888354
0.963575
0.314077
0.770572
0.302709
0.420922
0.461167
0.931833
0.237461
0.180854
0.0918755
0.320697
0.5024
0.666599
0.65048
0.728143
0.860349
0.58261
0.602878
0.210113
0.315924
0.710584
0.417082
0.300315
0.0794156
0.619019
0.776123
0.255097
0.397987
0.918039
0.627933
0.353113
0.813538
0.169216
0.601689
0.739532
0.44354
0.755744
0.982158
0.760925
0.580774
0.589748
0.522636
0.415372
0.183486
0.761575
0.30119
0.438496
0.448422
0.419048
0.133017
0.215398
0.36849
0.99815
0.174114
0.239091
0.614918
0.797793
0.290942
0.815561
0.310156
0.122662
0.535291
0.997155
0.687282
0.904533
0.886562
0.97278
0.861212
0.675788
0.904436
0.728767
0.197766
0.540576
0.922297
0.353756
0.00612459
0.892877
0.281653
0.433597
0.676065
0.765372
0.380764
0.515294
0.799786
0.35814
0.786618
0.766896
0.164022
0.32682
0.901812
0.129392
0.857144
0.0351811
0.150753
0.436389
0.252077
0.44693
0.909995
0.0580647
0.88806
0.0465205
0.620336
0.577346
0.776113
0.260776
0.516049
0.689849
0.148474
0.618928
0.161718
0.267619
0.581075
0.0374666
0.604522
0.441937
0.806563
0.0555807
0.887699
0.584492
0.0877678
0.481921
0.162682
0.0940785
0.196758
0.410993
0.235489
0.976882
0.83484
0.344782
0.770439
0.475614
0.710645
0.135523
0.470945
0.573681
0.493551
0.821112
0.190818
0.241981
0.684278
0.775027
0.359594
0.170962
0.323112
0.762005
0.946195
0.178088
0.521615
0.155518
0.612945
0.983257
0.789378
0.759549
0.421862
0.853907
0.0518587
0.000225846
0.385435
0.21462
0.520673
0.564295
0.788874
0.0664457
0.987733
0.645748
0.571866
0.723596
0.484028
0.444122
0.0210361
0.496125
0.0518966
0.216425
0.244026
0.424268
0.341333
0.461998
0.99023
0.378854
0.411164
0.986974
0.370907
0.443693
0.318046
0.139168
0.444257
0.853211
