0.0956659
0.345873
0.479078
0.291092
0.590324
0.366875
0.623338
0.0609493
0.982661
0.326347
0.199864
0.0845013
0.48273
0.28558
0.970149
0.31485
0.415808
0.0641839
0.339974
0.988895
0.532733
0.157946
0.441002
0.736749
0.902935
0.600215
0.356545
0.93483
0.968047
0.563483
0.0759421
0.870469
0.982178
0.65212
0.900709
0.941218
0.801404
0.883072
0.679576
0.347728
0.068686
0.952324
0.959666
0.531238
0.467041
0.0180386
0.270594
0.0729195
0.925278
0.914613
0.253692
0.0545586
0.63882
0.796251
0.577628
0.830649
0.0233011
0.139328
0.738396
0.204626
0.802377
0.698678
0.151512
0.236228
0.163252
0.89695
0.428539
0.786949
0.80751
0.583237
0.970712
0.230578
0.710597
0.867235
0.927428
0.163605
0.716763
0.863715
0.565287
0.468019
0.305257
0.34864
0.119785
0.358124
0.345155
0.224612
0.954383
0.390028
0.935261
0.837494
0.94426
0.494556
0.914221
0.89994
0.0880086
0.684721
0.0481924
0.189864
0.978972
0.973224
0.504885
0.0687074
0.883425
0.142181
0.365741
0.0991762
0.428401
0.750197
0.946387
0.172781
0.532569
0.339231
0.583936
0.381014
0.871676
0.422747
0.559743
0.916178
0.305519
0.426335
0.0770869
0.472449
0.177583
0.0951388
0.242627
0.462536
0.499096
0.803056
0.666431
0.857427
0.907022
0.0698816
0.0601972
0.0247969
0.108791
0.773727
0.559506
0.395579
0.958898
0.871212
0.221263
0.754852
0.561691
0.492709
0.374661
0.301869
0.639812
0.657441
0.123304
0.822244
0.19898
0.93739
0.638994
0.211579
0.944293
0.186913
0.742008
0.156659
0.0437348
0.630109
0.353408
0.879541
0.470137
0.466996
0.185749
0.596427
0.532097
0.140026
0.656633
0.738889
0.32609
0.871428
0.798251
0.92259
0.962669
0.0999325
0.975943
0.893704
0.129391
0.933394
0.772955
0.613415
0.199543
0.739428
0.271735
0.00436301
0.19947
0.848528
0.500164
0.163013
0.198242
0.521774
0.0440711
0.118557
0.640784
0.511305
0.50529
0.930014
0.784569
0.92981
0.593325
0.63497
0.37679
0.723926
0.0312519
0.522708
0.542445
0.375733
0.275882
0.417902
0.761795
0.0736903
0.468824
0.666379
0.0464592
0.139428
0.628411
0.0303506
0.905172
0.825459
0.521041
0.400689
0.649131
0.95596
0.927315
0.966113
0.070744
0.333228
0.791385
0.0902816
0.701379
0.538601
0.892406
0.489249
0.102049
0.479832
0.968835
0.826508
0.412484
0.809974
0.347163
0.779637
0.457299
0.227559
0.365815
0.847538
0.00256383
0.515134
0.968594
0.834021
0.888965
0.633331
0.580669
0.687481
0.91381
0.28519
0.310445
0.865557
0.31653
0.418451
0.926489
0.000841881
0.723089
0.653408
0.411754
0.500659
0.00491253
0.789889
0.374877
0.880594
0.279137
0.927857
0.884001
0.676918
0.965173
0.581181
0.286378
0.374578
0.00408644
0.516904
0.351774
0.793535
0.412774
0.428581
0.958433
0.793502
0.240641
0.919409
0.328858
0.86297
0.726173
0.630488
0.334608
0.604844
0.495068
0.0646121
0.698393
0.352259
0.206516
0.181682
0.0827202
0.752125
0.777291
0.0649035
0.750269
0.749687
0.103155
0.470859
0.161291
0.624425
0.361406
0.476608
0.163156
0.546234
0.996786
0.864823
0.138009
0.457942
0.00596955
0.706983
0.327391
0.331065
0.973902
0.312687
0.773173
0.95751
0.415978
0.351548
0.655445
0.11449
0.723059
0.521909
0.315252
0.544617
0.0911263
0.457489
0.574084
0.0331858
0.255077
0.450318
0.812549
0.825253
0.428602
0.423607
0.627706
0.698972
0.725727
0.122343
0.506031
0.269225
0.424713
0.501798
0.286739
0.336522
0.859717
0.716706
0.20527
0.294795
0.479572
0.0395075
0.690353
0.403794
0.099023
0.181669
0.591399
0.538536
0.907589
0.187112
0.144986
0.597714
0.437372
0.887964
0.705444
0.857413
0.484916
0.878998
0.574674
0.717055
0.0772413
0.734039
0.0623863
0.0957011
0.372732
0.839553
0.540949
0.641204
0.845821
0.626807
0.670685
0.225475
0.226434
0.936461
0.127212
0.517815
0.468941
0.847784
0.153226
0.399018
0.286257
0.149632
0.785097
0.900171
0.483491
0.819722
0.52033
0.530067
0.00838185
0.129528
0.230966
0.275307
0.239591
0.406703
0.0111694
0.013824
0.179196
0.33899
0.513046
0.752678
0.423798
0.440091
0.0908656
0.107164
0.845655
0.424317
0.951908
0.659361
0.849903
0.997366
0.455507
0.829638
0.766065
0.205028
0.374092
0.425689
0.23095
0.771025
0.566708
0.670092
0.0392088
0.441862
0.367875
0.939099
0.642942
0.0496612
0.85237
0.81366
0.0109178
0.869349
0.422448
0.413267
0.376438
0.576354
0.291389
0.434516
0.930118
0.701454
0.410563
0.160244
0.234442
0.402094
0.269809
0.0885873
0.518143
0.154597
0.667365
0.722461
0.535859
0.999396
0.199054
0.15194
0.461226
0.73896
0.742209
0.782557
0.711168
0.821053
0.618437
0.637857
0.986852
0.713069
0.586163
0.635039
0.918355
0.0518568
0.263733
0.920796
0.356478
0.4523
0.870795
0.174873
0.360085
0.592775
0.887526
0.780722
0.625655
0.376777
0.165388
0.918127
0.178338
0.942478
0.363809
0.364048
0.320056
0.264483
0.15693
0.913327
0.798812
0.509183
0.0484963
0.952075
0.564173
0.798051
