0.0780481
0.394904
0.27957
0.150634
0.716462
0.928334
0.00847225
0.47565
0.958105
0.452929
0.825205
0.510192
0.263028
0.99411
0.556494
0.710587
0.17927
0.660994
0.221554
0.315657
0.419537
0.201415
0.234118
0.0773337
0.679095
0.392624
0.769781
0.303766
0.0122952
0.477349
0.224634
0.560136
0.747267
0.638328
0.551564
0.84907
0.705244
0.881254
0.0405896
0.0132241
0.0633493
0.256597
0.47215
0.584335
0.922023
0.764489
0.204872
0.664663
0.639281
0.355422
0.83588
0.771062
0.169523
0.885509
0.580732
0.84288
0.806896
0.417503
0.275759
0.149292
0.528996
0.681946
0.623171
0.0310563
0.296243
0.62296
0.0703462
0.551043
0.563691
0.751105
0.676262
0.409954
0.564047
0.249897
0.13661
0.802445
0.417406
0.349225
0.636829
0.27335
0.995016
0.140367
0.223083
0.770124
0.912918
0.655187
0.249363
0.633279
0.348016
0.332193
0.2897
0.319651
0.0913985
0.388811
0.526782
0.755975
0.427255
0.49381
0.784043
0.458664
0.947622
0.731919
0.136563
0.77542
0.326015
0.335247
0.897753
0.395803
0.026879
0.946709
0.110505
0.963924
0.558126
0.706666
0.587394
0.103849
0.356711
0.0945627
0.448587
0.308184
0.999837
0.608662
0.666622
0.536104
0.106896
0.598361
0.97207
0.850912
0.210027
0.13546
0.673822
0.385112
0.466541
0.182039
0.513211
0.288914
0.73153
0.331477
0.699316
0.803468
0.441121
0.924137
0.0199295
0.409995
0.761182
0.168066
0.0112152
0.675412
0.861172
0.503409
0.382347
0.0816129
0.107617
0.0608867
0.443869
0.025587
0.888838
0.0637595
0.0724483
0.888076
0.188906
0.356658
0.015905
0.440157
0.831581
0.581075
0.590348
0.547777
0.920875
0.296019
0.305783
0.803393
0.620362
0.648076
0.430005
0.261095
0.122797
0.4247
0.189665
0.608831
0.449576
0.307577
0.259526
0.940506
0.216714
0.0813423
0.329028
0.955977
0.523293
0.78509
0.0884562
0.00677497
0.24275
0.998866
0.759445
0.888377
0.7094
0.620081
0.619693
0.58935
0.451548
0.894955
0.950262
0.152527
0.565638
0.253941
0.747595
0.43164
0.171437
0.721516
0.438241
0.592307
0.234936
0.506211
0.636297
0.866267
0.690044
0.103675
0.863665
0.11654
0.992681
0.588224
0.231316
0.177386
0.412804
0.389366
0.953586
0.492878
0.641804
0.212313
0.0335439
0.505391
0.0452116
0.0893714
0.807683
0.392373
0.311893
0.362734
0.521018
0.794579
0.473117
0.629782
0.743967
0.752725
0.0937676
0.989877
0.698518
0.075546
0.437424
0.734311
0.123222
0.433011
0.0583941
0.0319035
0.197787
0.540225
0.572267
0.0887545
0.308846
0.969212
0.782009
0.0475534
0.533499
0.804022
0.705538
0.158793
0.217045
0.0946043
0.0992382
0.427226
0.147985
0.0880126
0.492696
0.799048
0.0745833
0.532357
0.0663629
0.120263
0.847923
0.0200844
0.416709
0.463494
0.791201
0.193728
0.316651
0.424869
0.520085
0.620847
0.544123
0.98186
0.3087
0.844025
0.487961
0.150919
0.864006
0.443579
0.719925
0.104733
0.409688
0.938631
0.133578
0.650219
0.683537
0.882107
0.517086
0.938167
0.839053
0.0463795
0.0498019
0.246906
0.0962552
0.957333
0.0915261
0.686693
0.388217
0.954586
0.274452
0.433318
0.639058
0.112146
0.963791
0.88041
0.00688739
0.0220668
0.876199
0.455744
0.931941
0.924893
0.418223
0.556221
0.540258
0.535342
0.881303
0.143608
0.174745
0.575095
0.886309
0.128359
0.441121
0.846453
0.761861
0.410188
0.948635
0.148533
0.508345
0.398054
0.161155
0.0185203
0.963571
0.281216
0.144661
0.726057
0.671956
0.419965
0.106524
0.249464
0.532955
0.223099
0.45506
0.315087
0.622861
0.392633
0.751487
0.117093
0.538503
0.132539
0.252199
0.741283
0.704805
0.534857
0.753436
0.722007
0.596277
0.498142
0.836393
0.961305
0.632639
0.153349
0.726232
0.548373
0.569088
0.381787
0.515234
0.213225
0.147097
0.262768
0.262916
0.134418
0.337814
0.385567
0.721376
0.321725
0.819922
0.777887
0.528965
0.915431
0.921491
0.127348
0.594055
0.0496777
0.596621
0.964383
0.175596
0.413923
0.00486645
0.283688
0.111099
0.0956263
0.806813
0.00924545
0.580544
0.571686
0.402234
0.265094
0.00639981
0.998264
0.996009
0.218261
0.676112
0.934349
0.519008
0.468305
0.332614
0.165373
0.29081
0.200686
0.975329
0.276432
0.812518
0.371053
0.0700164
0.902826
0.653153
0.011819
0.650542
0.921229
0.993646
0.640133
0.329058
0.445301
0.367117
0.196791
0.379775
0.468736
0.991042
0.313177
0.743317
0.861388
0.328114
0.351039
0.176474
0.210621
0.100409
0.0935428
0.312395
0.815319
0.756016
0.519673
0.524517
0.596846
0.628783
0.102005
0.482981
0.931
0.784417
0.965439
0.334471
0.411936
0.584288
0.69284
0.459625
0.286193
0.66543
0.534124
0.885407
0.29315
0.469422
0.77888
0.108303
0.347991
0.302866
0.54245
0.431099
0.959946
0.637546
0.151718
0.541593
0.980072
0.197502
0.158285
0.0113457
0.833962
0.672729
0.322569
0.212495
0.749989
0.453291
0.279596
0.150936
0.625628
0.0186414
0.197291
0.321275
0.658926
0.358042
0.612677
0.13673
0.00274678
0.94962
0.239133
0.850535
0.0165801
