0.670608
0.332338
0.455929
0.343495
0.0223356
0.095576
0.00515528
0.3799
0.996141
0.139815
0.907719
0.79996
0.160596
0.402602
0.597987
0.533935
0.891147
0.73821
0.184444
0.647781
0.388542
0.902311
0.820658
0.9137
0.541977
0.464704
0.341555
0.418104
0.997975
0.53409
0.950437
0.0802077
0.432984
0.851064
0.248887
0.441753
0.72769
0.327271
0.403429
0.125017
0.597676
0.617153
0.852488
0.0641271
0.598164
0.805649
0.425102
0.843244
0.640115
0.909627
0.510798
0.3252
0.572058
0.864738
0.134621
0.216473
0.753845
0.405374
0.944665
0.809644
0.560308
0.47101
0.908596
0.698946
0.672444
0.683994
0.233006
0.303117
0.255499
0.0946617
0.0525383
0.083806
0.729509
0.788129
0.680256
0.0806024
0.553332
0.554636
0.0901256
0.263716
0.458102
0.195116
0.941396
0.101432
0.641805
0.938743
0.0991929
0.464213
0.450278
0.988911
0.012807
0.371302
0.145888
0.0562943
0.461433
0.0824438
0.741617
0.251412
0.233387
0.154638
0.537896
0.129952
0.852726
0.566558
0.85781
0.707446
0.711027
0.0649654
0.936
0.987208
0.290947
0.259017
0.0194753
0.88827
0.98782
0.056986
0.877249
0.0577583
0.454715
0.367346
0.153353
0.39361
0.609723
0.962597
0.0375603
0.597481
0.605825
0.958362
0.951456
0.261487
0.384473
0.764455
0.338178
0.124484
0.216895
0.864533
0.938468
0.11434
0.273366
0.792661
0.500123
0.437606
0.50642
0.290496
0.155635
0.356651
0.70604
0.585747
0.820869
0.922927
0.699119
0.822549
0.845208
0.473302
0.149483
0.46898
0.142844
0.826414
0.581955
0.284246
0.750934
0.655044
0.68858
0.366481
0.853938
0.872036
0.476589
0.110335
0.787772
0.0590319
0.0383754
0.366246
0.396174
0.500497
0.926299
0.417475
0.659062
0.148219
0.754334
0.891295
0.468474
0.980052
0.603656
0.291139
0.72511
0.425319
0.912461
0.256192
0.745092
0.304874
0.0156556
0.437446
0.584964
0.806304
0.61105
0.638724
0.347187
0.953752
0.157398
0.681844
0.427901
0.732273
0.812868
0.894738
0.906875
0.461881
0.0639632
0.259819
0.0604809
0.900051
0.284079
0.923032
0.67962
0.0531555
0.597945
0.883697
0.329733
0.536623
0.183939
0.990892
0.557247
0.327311
0.00114368
0.631664
0.405965
0.327555
0.181922
0.391138
0.184026
0.146205
0.264257
0.849725
0.306765
0.498536
0.167454
0.585685
0.370259
0.59807
0.235519
0.819442
0.255088
0.0788739
0.362636
0.691815
0.459018
0.595953
0.561969
0.379293
0.497771
0.251178
0.373743
0.997448
0.182396
0.212295
0.259986
0.430351
0.883997
0.12389
0.654516
0.33277
0.828557
0.181517
0.389384
0.531765
0.714058
0.196586
0.676863
0.725827
0.165973
0.151341
0.471273
0.591162
0.443091
0.755538
0.688102
0.480362
0.200127
0.060845
0.402046
0.274539
0.565697
0.203244
0.0512246
0.0112967
0.834717
0.325546
0.298908
0.898176
0.381735
0.974135
0.564976
0.297995
0.799884
0.625693
0.966145
0.904409
0.381108
0.641683
0.0893007
0.366956
0.974951
0.860962
0.886886
0.125209
0.827532
0.824273
0.2119
0.521128
0.817961
0.961254
0.596028
0.300877
0.970245
0.13896
0.760214
0.30465
0.464066
0.567444
0.536402
0.972537
0.100558
0.959622
0.186691
0.93956
0.896888
0.975664
0.854833
0.435647
0.340315
0.334395
0.0748537
0.921746
0.766197
0.398345
0.0567396
0.316639
0.989011
0.532795
0.811671
0.980764
0.709074
0.683482
0.133701
0.0526174
0.594787
0.204159
0.106726
3.76245e-05
0.190225
0.310133
0.0638061
0.217964
0.401888
0.179048
0.661095
0.416607
0.967073
0.650473
0.409605
0.855637
0.852122
0.585569
0.318104
0.13487
0.378522
0.74838
0.38873
0.0844734
0.925317
0.775152
0.146986
0.343531
0.127643
0.523569
0.241559
0.735668
0.578439
0.517691
0.166676
0.771892
0.796609
0.332385
0.728891
0.71909
0.159882
0.508339
0.446846
0.706654
0.435405
0.460109
0.462239
0.34878
0.282009
0.018617
0.552836
0.450614
0.455141
0.0540282
0.500663
0.0226797
0.121913
0.982966
0.8904
0.0171768
0.332329
0.935063
0.586778
0.995297
0.513257
0.959801
0.216622
0.709046
0.808304
0.910476
0.326563
0.771375
0.0239899
0.199533
0.940626
0.70415
0.675249
0.986762
0.598823
0.10375
0.548387
0.00693209
0.895422
0.252481
0.0390615
0.352624
0.698658
0.820429
0.486729
0.545139
0.775617
0.711594
0.541579
0.259321
0.342146
0.00612594
0.89674
0.265532
0.292887
0.710269
0.309361
0.730197
0.543082
0.945494
0.820505
0.8179
0.314932
0.343429
0.696175
0.358522
0.806172
0.84803
0.734639
0.741577
0.475018
0.163214
0.771949
0.0257466
0.885122
0.620198
0.216057
0.641029
0.93121
0.0949164
0.356394
0.989298
0.66474
0.0319422
0.334142
0.493634
0.907687
0.421303
0.805101
0.953799
0.0164412
0.44021
0.396989
0.46681
0.737337
0.978397
0.816031
0.718606
0.735158
0.879389
0.90477
0.602168
0.921938
0.148956
0.715496
0.725817
0.00997966
0.0843
0.750629
0.98951
0.045005
0.0498126
0.0499598
0.506246
0.131736
0.516628
0.347695
0.106714
0.260269
0.825931
0.661932
0.422204
0.823118
0.303525
