0.688643
0.293406
0.250608
0.740924
0.406806
0.179838
0.704506
0.698776
0.321579
0.816438
0.324034
0.0127567
0.755995
0.0555973
0.248893
0.543093
0.32246
0.525488
0.372362
0.786831
0.413933
0.242861
0.155792
0.958265
0.0536313
0.00119688
0.613888
0.729071
0.216559
0.564185
0.742363
0.499935
0.683105
0.191989
0.679889
0.456605
0.366275
0.149891
0.429034
0.743945
0.786516
0.872731
0.339336
0.802366
0.934915
0.544867
0.238359
0.276006
0.294478
0.536027
0.877834
0.762094
0.246827
0.909468
0.808406
0.239107
0.741238
0.565387
0.442087
0.0636831
0.0845205
0.0367654
0.877973
0.125933
0.0364163
0.864177
0.55845
0.852011
0.96955
0.590014
0.189438
0.982274
0.603904
0.023455
0.302834
0.0745769
0.126225
0.105903
0.533631
0.102377
0.421038
0.743273
0.20737
0.481562
0.213958
0.626992
0.610442
0.889267
0.400361
0.469922
0.219132
0.124
0.332404
0.199753
0.876539
0.0844377
0.447891
0.189682
0.978113
0.0799524
0.524667
0.831612
0.181909
0.720448
0.262492
0.549152
0.387437
0.603693
0.124832
0.279036
0.633434
0.832307
0.0870344
0.320804
0.314508
0.182013
0.203514
0.50495
0.359934
0.500606
0.589816
0.238419
0.330683
0.0256926
0.730378
0.75208
0.701965
0.393592
0.403333
0.369283
0.374781
0.105369
0.385129
0.184645
0.0975951
0.691874
0.190231
0.0990381
0.089206
0.599376
0.0387929
0.82475
0.726186
0.793295
0.0115366
0.750029
0.326845
0.580593
0.459104
0.147694
0.600751
0.530302
0.588985
0.117166
0.261143
0.228039
0.651888
0.584835
0.0263833
0.420163
0.919362
0.381641
0.340368
0.516871
0.187749
0.754114
0.280384
0.887359
0.652711
0.326548
0.718855
0.910974
0.679608
0.788866
0.656963
0.501498
0.277167
0.58981
0.942101
0.736686
0.822048
0.0888027
0.425218
0.885193
0.831092
0.431142
0.593933
0.774825
0.170478
0.877866
0.0615899
0.903792
0.0388123
0.964619
0.0287161
0.251364
0.537512
0.181177
0.0287401
0.712298
0.795339
0.764295
0.189063
0.712076
0.627264
0.472558
0.0340119
0.46819
0.627498
0.4429
0.966087
0.211539
0.226828
0.608711
0.641423
0.423762
0.286855
0.206537
0.22961
0.355515
0.394689
0.515811
0.469126
0.355534
0.409157
0.902118
0.0849947
0.707962
0.527318
0.426178
0.533598
0.690969
0.334263
0.453662
0.952559
0.454066
0.0129896
0.421843
0.53935
0.551715
0.49782
0.352012
0.495666
0.919431
0.073292
0.598396
0.150193
0.183028
0.781669
0.662387
0.25671
0.883032
0.1526
0.384166
0.678127
0.40944
0.302502
0.00527177
0.00670707
0.457272
0.746974
0.25636
0.65235
0.821059
0.13245
0.295958
0.984901
0.219569
0.0274452
0.0169283
0.589702
0.10801
0.658938
0.752653
0.0400998
0.0704445
0.559016
0.806565
0.96307
0.868802
0.0997618
0.704681
0.236358
0.458605
0.398077
0.978598
0.886489
0.119966
0.856001
0.312965
0.0892601
0.00631884
0.797279
0.241078
0.396534
0.333876
0.566619
0.500156
0.731086
0.328274
0.429347
0.80181
0.504944
0.860141
0.0980129
0.438529
0.349249
0.383805
0.332396
0.120735
0.755924
0.838669
0.772508
0.728703
0.357156
0.336919
0.73001
0.685882
0.747785
0.630846
0.426417
0.809477
0.744164
0.351806
0.156518
0.223617
0.814403
0.44345
0.857825
0.375657
0.787895
0.533752
0.968411
0.119117
0.736488
0.787591
0.930143
0.493353
0.241139
0.430782
0.863769
0.781387
0.384908
0.0310817
0.880603
0.575378
0.110525
0.53443
0.74435
0.510062
0.96419
0.327014
0.829964
0.937501
0.809124
0.903708
0.019751
0.665689
0.2066
0.908003
0.967105
0.609636
0.320927
0.297957
0.466551
0.461423
0.932978
0.490446
0.236716
0.336251
0.166832
0.109924
0.235169
0.665334
0.128547
0.488047
0.472677
0.1841
0.987562
0.0340029
0.770148
0.68289
0.984018
0.289528
0.351221
0.871044
0.443091
0.0898407
0.0267443
0.458569
0.89671
0.286333
0.31683
0.245175
0.429725
0.642421
0.767498
0.462175
0.672023
0.719197
0.302973
0.524406
0.474781
0.322982
0.728606
0.988648
0.172559
0.241923
0.235818
0.128305
0.449794
0.449556
0.871485
0.814466
0.149561
0.826296
0.90852
0.192847
0.936536
0.308321
0.394104
0.0173134
0.192719
0.453977
0.847829
0.577988
0.580928
0.733561
0.886315
0.521866
0.350759
0.58082
0.16838
0.552215
0.278121
0.238433
0.775877
0.75808
0.537642
0.433834
0.564246
0.25529
0.401097
0.0403707
0.557853
0.689551
0.878113
0.0625577
0.866655
0.940427
0.0970097
0.932631
0.922801
0.584936
0.239676
0.356749
0.437657
0.940802
0.891845
0.64768
0.681293
0.101672
0.523561
0.948398
0.666764
0.215157
0.291539
0.172349
0.4597
0.49449
0.442533
0.934106
0.275445
0.621622
0.904823
0.0471549
0.999535
0.529495
0.412361
0.416191
0.417044
0.732958
0.200119
0.435744
0.0231864
0.76636
0.718593
0.20807
0.170549
0.996335
0.314414
0.455091
0.0701662
0.624306
0.158853
0.921859
0.670047
0.414653
0.420268
0.461298
0.628216
0.0485824
0.0811398
0.816541
0.0445109
0.71354
0.434033
0.572322
0.590966
0.905414
0.494649
0.3958
