0.0461693
0.945743
0.930603
0.874386
0.233886
0.00402833
0.511685
0.625678
0.14115
0.859675
0.24451
0.54002
0.0652225
0.342371
0.498972
0.63341
0.382851
0.435539
0.740895
0.821622
0.725117
0.54659
0.726779
0.874398
0.187155
0.289296
0.296854
0.0224616
0.0173587
0.899471
0.864232
0.152352
0.236585
0.533355
0.0619405
0.178563
0.12913
0.244939
0.730992
0.696163
0.617146
0.772562
0.800068
0.174942
0.0135987
0.789377
0.91299
0.0522016
0.0198392
0.620123
0.823514
0.871111
0.875746
0.318955
0.569543
0.600494
0.394225
0.634711
0.656785
0.703211
0.260372
0.437715
0.582259
0.498775
0.913331
0.0768559
0.0440886
0.554065
0.480661
0.425448
0.0646353
0.708424
0.639797
0.845996
0.632618
0.772949
0.803383
0.574091
0.814689
0.0471778
0.199796
0.123488
0.680936
0.716357
0.247435
0.608708
0.652206
0.211314
0.197462
0.157174
0.997047
0.819547
0.702558
0.249416
0.388914
0.743292
0.661067
0.886258
0.83637
0.876057
0.303204
0.0111421
0.392545
0.983594
0.0450175
0.495622
0.673845
0.659215
0.461988
0.360612
0.99083
0.988235
0.283683
0.268631
0.803957
0.652714
0.711333
0.981164
0.705593
0.498912
0.747615
0.0829042
0.259243
0.984588
0.478116
0.925967
0.573653
0.468108
0.775504
0.0105605
0.778923
0.632755
0.449225
0.321707
0.290955
0.462674
0.779451
0.367887
0.0477275
0.972315
0.355244
0.84676
0.64536
0.0942405
0.665707
0.629168
0.787825
0.75924
0.178876
0.724139
0.412352
0.122417
0.488731
0.0158308
0.49008
0.0725311
0.952342
0.908484
0.296401
0.303838
0.202835
0.0919063
0.255438
0.769144
0.682404
0.602323
0.87564
0.740659
0.0736928
0.95901
0.857188
0.662386
0.633719
0.424112
0.719319
0.81877
0.36984
0.304614
0.659414
0.25817
0.465429
0.411247
0.977229
0.187327
0.533665
0.246121
0.0188561
0.375422
0.547087
0.764296
0.394942
0.133285
0.0475675
0.995857
0.802023
0.0549954
0.0408089
0.868872
0.525944
0.290827
0.759059
0.842011
0.0739092
0.954638
0.588843
0.0500642
0.565966
0.0673984
0.400692
0.548712
0.968653
0.187796
0.317793
0.672841
0.0327796
0.370996
0.603961
0.0933533
0.628884
0.346733
0.201152
0.352201
0.407774
0.140767
0.526458
0.832085
0.561683
0.631356
0.557193
0.132915
0.965257
0.807679
0.849835
0.15428
0.684698
0.598977
0.771021
0.74266
0.783574
0.115805
0.998738
0.277925
0.165497
0.169095
0.836079
0.985826
0.318671
0.143521
0.821761
0.409513
0.473183
0.574776
0.320978
0.366903
0.126233
0.100779
0.3202
0.0431191
0.37784
0.75591
0.642019
0.502238
0.209409
0.242022
0.773954
0.187805
0.911508
0.70957
0.277635
0.688686
0.814348
0.985179
0.517279
0.946545
0.862225
0.348569
0.7582
0.0853664
0.70945
0.883871
0.0368073
0.872008
0.674355
0.778675
0.509451
0.914787
0.755156
0.835685
0.730355
0.935601
0.606011
0.29753
0.286415
0.870307
0.720302
0.803673
0.401042
0.803731
0.390955
0.174187
0.156175
0.444838
0.0724173
0.483055
0.569846
0.119122
0.465611
0.0200398
0.192818
0.341374
0.948902
0.146486
0.690626
0.28054
0.632572
0.696945
0.78775
0.11184
0.897435
0.928884
0.697347
0.318357
0.435135
0.089974
0.5386
0.862362
0.712043
0.410575
0.635982
0.195754
0.923091
0.0335062
0.119217
0.248041
0.183506
0.395245
0.632057
0.834659
0.109336
0.173591
0.172878
0.745861
0.0593905
0.91632
0.0102624
0.747065
0.903844
0.487461
0.538468
0.112471
0.503906
0.0841217
0.673604
0.0180216
0.973197
0.59449
0.475889
0.862097
0.609184
0.692099
0.0511
0.57141
0.726284
0.0190537
0.135923
0.793398
0.484412
0.261238
0.59709
0.980011
0.884478
0.741157
0.793051
0.307398
0.784644
0.49802
0.95403
0.15717
0.571617
0.68369
0.551055
0.940428
0.740915
0.698345
0.633227
0.787964
0.212233
0.813427
0.13133
0.178213
0.768404
0.0323798
0.745832
0.0937161
0.858248
0.451527
0.501723
0.25133
0.104018
0.750217
0.249116
0.641093
0.79276
0.607751
0.410537
0.669165
0.697672
0.336873
0.706504
0.328337
0.0833718
0.130457
0.531825
0.529873
0.605694
0.690893
0.362921
0.567942
0.206292
0.546145
0.177778
0.304829
0.742595
0.811895
0.53437
0.587742
0.640065
0.504
0.372167
0.539442
0.564525
0.53673
0.847807
0.589607
0.608355
0.4105
0.818257
0.0651903
0.85166
0.923814
0.663898
0.905254
0.0539892
0.417377
0.0916041
0.123752
0.650277
0.745919
0.0675274
0.171229
0.517665
0.311374
0.363482
0.531634
0.313014
0.915085
0.801161
0.927772
0.0499495
0.96863
0.984959
0.404777
0.801801
0.706695
0.917478
0.773643
0.588886
0.355392
0.0303612
0.890984
0.501866
0.817791
0.263709
0.520185
0.842498
0.614084
0.141458
0.619122
0.280573
0.0345043
0.393173
0.638974
0.373893
0.513425
0.987399
0.0160901
0.0649914
0.539779
0.0860466
0.403988
0.482651
0.0105286
0.763297
0.0887462
0.972642
0.169542
0.414119
0.219699
0.967692
0.284995
0.728332
0.165282
0.662178
0.61501
0.00761821
0.816616
0.294473
0.0566035
0.450551
0.224868
0.379634
0.399186
