0.530382
0.945957
0.0496011
0.578543
0.760506
0.590217
0.424378
0.583917
0.530785
0.588265
0.771738
0.154545
0.921461
0.418185
0.101064
0.940031
0.829503
0.435272
0.883353
0.743457
0.52618
0.313959
0.61078
0.595669
0.551429
0.526415
0.39299
0.481651
0.720595
0.815495
0.731783
0.640257
0.400353
0.440899
0.492464
0.339263
0.539545
0.137838
0.368182
0.134511
0.0292589
0.223612
0.729348
0.447789
0.331232
0.140566
0.672598
0.950509
0.185456
0.797319
0.447751
0.0172893
0.334414
0.364591
0.35389
0.434028
0.630568
0.125563
0.992126
0.209262
0.410882
0.827944
0.506683
0.468109
0.766988
0.802815
0.657863
0.641507
0.63211
0.13305
0.339159
0.259274
0.80575
0.696044
0.221605
0.661657
0.966814
0.0385167
0.58898
0.488543
0.209624
0.04348
0.776439
0.757708
0.464699
0.116462
0.108164
0.93505
0.11252
0.448813
0.0804716
0.796532
0.395801
0.534825
0.675509
0.994974
0.0472766
0.899125
0.378295
0.902712
0.123482
0.284158
0.947149
0.133222
0.0256135
0.796977
0.52851
0.916614
0.598658
0.738201
0.380092
0.538877
0.474121
0.774952
0.664962
0.588386
0.926913
0.809533
0.251565
0.626354
0.736208
0.0428179
0.275248
0.787777
0.112643
0.368193
0.547269
0.262862
0.373485
0.651671
0.637038
0.852371
0.220129
0.730424
0.045575
0.684035
0.763652
0.607517
0.237366
0.0474741
0.0172907
0.00755756
0.171194
0.0629884
0.247864
0.754158
0.253266
0.59947
0.585837
0.387058
0.479513
0.0166846
0.22966
0.960923
0.703999
0.0306981
0.957597
0.406658
0.615957
0.168594
0.456615
0.241384
0.698107
0.372117
0.134606
0.233307
0.222438
0.398987
0.750232
0.984146
0.930735
0.90874
0.584048
0.212662
0.452467
0.335893
0.183877
0.230414
0.845265
0.577504
0.490992
0.244914
0.589312
0.601701
0.845921
0.360985
0.374956
0.237309
0.653588
0.913763
0.328726
0.117973
0.373746
0.0685933
0.948087
0.931378
0.94267
0.121536
0.525848
0.0582481
0.421747
0.407773
0.213654
0.381984
0.546973
0.292403
0.95507
0.693488
0.743593
0.969197
0.386827
0.476086
0.191426
0.0194418
0.286153
0.54559
0.183616
0.766238
0.888178
0.543954
0.666479
0.0624872
0.306713
0.796944
0.579681
0.664239
0.663573
0.107116
0.534644
0.83556
0.997208
0.478771
0.0293595
0.0736966
0.693612
0.0661352
0.711791
0.970589
0.750393
0.815895
0.0721419
0.791187
0.769051
0.0483267
0.401471
0.233616
0.595047
0.399828
0.925675
0.195113
0.0855449
0.344183
0.797028
0.0752329
0.726811
0.771451
0.85381
0.163963
0.382779
0.85173
0.931355
0.32811
0.625185
0.824379
0.738834
0.739564
0.274808
0.30733
0.974422
0.617911
0.441754
0.507575
0.076101
0.868828
0.671602
0.447772
0.175997
0.053068
0.00312517
0.940151
0.390884
0.838618
0.964984
0.172125
0.561403
0.665332
0.926938
0.244037
0.163188
0.896296
0.631012
0.967065
0.571692
0.530619
0.187469
0.416324
0.565393
0.413458
0.987215
0.87637
0.967502
0.165916
0.336203
0.34524
0.913712
0.0831593
0.519444
0.719375
0.744602
0.533803
0.265939
0.156549
0.211007
0.0310648
0.337793
0.920749
0.231887
0.450499
0.0361182
0.867193
0.531364
0.403871
0.18099
0.907757
0.147869
0.670232
0.772798
0.901826
0.45813
0.570778
0.138008
0.260121
0.0144759
0.84078
0.0613557
0.309364
0.500964
0.281424
0.851727
0.0583482
0.208532
0.932858
0.67237
0.169591
0.970215
0.0338758
0.597156
0.551534
0.0837525
0.346871
0.919868
0.406626
0.496535
0.337281
0.988269
0.704735
0.584108
0.238588
0.308339
0.54416
0.465764
0.813528
0.881848
0.568969
0.264845
0.69422
0.684497
0.822346
0.48682
0.0824541
0.97975
0.786457
0.306025
0.704532
0.1715
0.112571
0.226719
0.983749
0.532854
0.251007
0.556084
0.234677
0.735901
0.854983
0.0629683
0.800367
0.308958
0.277089
0.987498
0.1017
0.671794
0.580521
0.480154
0.680499
0.593856
0.509453
0.779863
0.376631
0.657655
0.128179
0.422878
0.621127
0.0454561
0.0398486
0.794368
0.341443
0.879703
0.893859
0.440796
0.697399
0.0929453
0.175114
0.162447
0.383429
0.257267
0.694302
0.0369321
0.703709
0.501225
0.111361
0.677341
0.302727
0.410331
0.860877
0.329007
0.282957
0.241393
0.176349
0.285493
0.227574
0.0500309
0.0804116
0.192658
0.730619
0.483118
0.253925
0.220464
0.724731
0.830405
0.829802
0.161179
0.569707
0.665476
0.0402866
0.0418302
0.396414
0.679993
0.115868
0.498238
0.777868
0.851759
0.335282
0.986784
0.988934
0.000498563
0.812109
0.175293
0.84862
0.330106
0.506132
0.325831
0.313553
0.0334569
0.391512
0.716113
0.888901
0.452564
0.530232
0.434809
0.646649
0.851102
0.798612
0.272673
0.150267
0.410184
0.839976
0.254462
0.404188
0.0706871
0.741836
0.0914605
0.563974
0.369305
0.128713
0.84377
0.940836
0.404999
0.0804077
0.337411
0.802662
0.611662
0.187836
0.252173
0.972973
0.0605676
0.0907202
0.908913
0.563465
0.246796
0.240037
0.270051
0.188777
0.935316
0.39162
0.41089
0.126799
0.550383
0.67904
0.0623263
0.563451
0.461802
0.49663
