0.375004
0.931327
0.829233
0.658549
0.8843
0.256316
0.0753775
0.85961
0.169603
0.259765
0.759131
0.957242
0.131655
0.201072
0.706535
0.0422169
0.827014
0.440753
0.432828
0.235108
0.381519
0.635771
0.651235
0.082442
0.51862
0.484988
0.350873
0.676825
0.524349
0.550286
0.638763
0.873249
0.974064
0.149492
0.594529
0.580855
0.800841
0.320454
0.649821
0.96389
0.75972
0.628029
0.69989
0.0686638
0.13083
0.848425
0.263383
0.0553646
0.0456465
0.462166
0.785487
0.106694
0.107982
0.799712
0.0890775
0.434735
0.470088
0.0165452
0.961262
0.643902
0.857414
0.413342
0.949483
0.293501
0.42557
0.344438
0.58102
0.157615
0.62544
0.460201
0.329417
0.322736
0.554588
0.875931
0.508015
0.217837
0.0189731
0.228024
0.767841
0.611816
0.374327
0.094679
0.457698
0.175824
0.894184
0.0429773
0.438242
0.203937
0.105507
0.640636
0.674621
0.121658
0.00965406
0.927755
0.856741
0.759727
0.437495
0.686895
0.381731
0.855587
0.145296
0.787718
0.839003
0.320771
0.339398
0.548151
0.286464
0.355777
0.0663506
0.569432
0.771244
0.350978
0.348445
0.783063
0.519037
0.966265
0.682747
0.865183
0.287906
0.829838
0.450812
0.505503
0.0173101
0.420079
0.021691
0.785767
0.945328
0.231687
0.0813064
0.224106
0.906874
0.462057
0.646742
0.139434
0.392687
0.107498
0.176569
0.508959
0.67212
0.636175
0.816789
0.404918
0.135216
0.467551
0.278235
0.306303
0.849325
0.316167
0.115099
0.242748
0.107959
0.40299
0.959752
0.261528
0.446935
0.41241
0.422489
0.550989
0.90956
0.764211
0.610521
0.431583
0.670901
0.542186
0.766457
0.845368
0.563933
0.570892
0.293679
0.815484
0.605295
0.211737
0.895868
0.894959
0.165943
0.268992
0.993264
0.181759
0.840947
0.628507
0.242634
0.711732
0.30067
0.434636
0.760784
0.249594
0.445508
0.874979
0.994846
0.661237
0.55713
0.946904
0.881851
0.815537
0.684049
0.407611
0.995639
0.265733
0.970323
0.4574
0.322005
0.586384
0.97099
0.705672
0.0157976
0.0550868
0.402906
0.737326
0.937955
0.336651
0.883122
0.100555
0.594065
0.312371
0.249434
0.940533
0.18727
0.0226374
0.729979
0.514468
0.541397
0.133552
0.319577
0.187812
0.565319
0.883359
0.984655
0.186672
0.936534
0.935312
0.911588
0.344964
0.688395
0.777878
0.0946601
0.228991
0.952421
0.88428
0.659195
0.23146
0.958873
0.611219
0.457365
0.802685
0.25362
0.60831
0.485677
0.581547
0.125333
0.0558502
0.0274208
0.959449
0.0558133
0.677257
0.482774
0.373792
0.941784
0.74038
0.183826
0.890574
0.101357
0.587263
0.798467
0.631234
0.412112
0.549013
0.705961
0.456623
0.0606613
0.335406
0.145651
0.266414
0.207819
0.763381
0.444354
0.34725
0.420545
0.984896
0.524503
0.251813
0.131631
0.0826198
0.580016
0.65668
0.396542
0.877905
0.717842
0.519201
0.018282
0.161023
0.401013
0.855347
0.830002
0.0474974
0.904985
0.506633
0.660172
0.111547
0.829366
0.814709
0.432403
0.815111
0.27003
0.158308
0.8158
0.508343
0.534421
0.721417
0.959042
0.925938
0.726688
0.929484
0.108873
0.173437
0.0524025
0.32776
0.155739
0.559764
0.676607
0.293774
0.106355
0.210101
0.275693
0.0533291
0.278153
0.296529
0.363065
0.550127
0.349175
0.105253
0.689611
0.944507
0.711154
0.126802
0.276391
0.0782608
0.0976582
0.289719
0.149324
0.448219
0.156317
0.101553
0.468269
0.910643
0.449622
0.782536
0.885955
0.554207
0.227115
0.730793
0.561832
0.467911
0.430395
0.702059
0.321974
0.331538
0.321914
0.764017
0.814692
0.377278
0.0931724
0.622062
0.102954
0.560233
0.601905
0.084557
0.906289
0.560878
0.534444
0.105052
0.829202
0.813812
0.0246174
0.299542
0.425578
0.604121
0.689614
0.135657
0.213264
0.324828
0.109923
0.0157717
0.141293
0.36126
0.230052
0.335969
0.695224
0.640909
0.72506
0.651274
0.0103206
0.490093
0.178518
0.50824
0.161554
0.955666
0.88025
0.515194
0.208848
0.47966
0.973586
0.764546
0.393352
0.0782497
0.487463
0.602661
0.626888
0.450679
0.188609
0.00692205
0.955871
0.432014
0.47059
0.309133
0.589958
0.932892
0.52189
0.974182
0.00930824
0.798569
0.0351074
0.373514
0.717702
0.798015
0.635411
0.849358
0.87554
0.381688
0.898916
0.214575
0.0240238
0.865158
0.303515
0.770027
0.777384
0.391877
0.553278
0.908669
0.360774
0.871146
0.300453
0.380134
0.432788
0.416845
0.690781
0.60582
0.339382
0.931662
0.290583
0.367317
0.611433
0.254236
0.910111
0.892944
0.380508
0.20236
0.298692
0.213602
0.820459
0.473341
0.0455672
0.472394
0.478899
0.505912
0.26601
0.242844
0.586609
0.22452
0.513536
0.884025
0.817693
0.383775
0.584917
0.537338
0.283763
0.805001
0.708944
0.334333
0.565837
0.205717
0.883367
0.915668
0.425785
0.204434
0.0866577
0.247423
0.509213
0.98529
0.198288
0.0527317
0.523366
0.204978
0.903454
0.979525
0.383178
0.858744
0.915263
0.976871
0.2632
0.144018
0.1907
0.12465
0.362164
0.836585
0.168501
0.108616
0.9388
0.670726
0.547073
0.00304236
0.342639
0.811041
