0.86498
0.899644
0.925556
0.31786
0.210386
0.982919
0.313593
0.260257
0.340544
0.275168
0.186692
0.475247
0.00938549
0.242397
0.699201
0.453145
0.949924
0.258021
0.818023
0.142068
0.109975
0.88042
0.671056
0.638174
0.81674
0.172466
0.0437256
0.238801
0.110625
0.30342
0.673385
0.212556
0.683938
0.513728
0.74081
0.180378
0.322911
0.961537
0.86989
0.0361023
0.899188
0.553485
0.0389659
0.0488448
0.0984682
0.229809
0.280598
0.232135
0.633307
0.303194
0.636487
0.905314
0.810816
0.522549
0.168384
0.376311
0.343878
0.675105
0.448303
0.909097
0.849127
0.790025
0.42388
0.711945
0.540278
0.367364
0.859822
0.97023
0.479133
0.447437
0.897841
0.289671
0.0346005
0.979072
0.195269
0.053814
0.555275
0.974949
0.399937
0.47659
0.439101
0.965386
0.124253
0.386985
0.296845
0.203881
0.675886
0.344032
0.768375
0.233524
0.0457166
0.578685
0.880708
0.531711
0.457483
0.0445546
0.482864
0.137366
0.656303
0.94522
0.820605
0.847281
0.826158
0.914761
0.298934
0.0201011
0.351299
0.507081
0.293093
0.0679637
0.0702863
0.405187
0.0655534
0.432619
0.204686
0.206451
0.775118
0.668899
0.0192599
0.389382
0.08981
0.229823
0.0363226
0.23669
0.245802
0.941176
0.0246347
0.886507
0.302153
0.205523
0.567926
0.462182
0.263585
0.198424
0.648482
0.451233
0.562229
0.628104
0.0226352
0.541015
0.154405
0.957625
0.177821
0.0236818
0.701316
0.854763
0.431204
0.438736
0.050615
0.196938
0.439137
0.385771
0.768533
0.260926
0.550169
0.213499
0.735326
0.326883
0.373667
0.892077
0.441627
0.123882
0.337935
0.978375
0.469744
0.661149
0.287332
0.317344
0.432425
0.806699
0.926801
0.923453
0.668848
0.642301
0.334791
0.637916
0.729716
0.29452
0.483709
0.276731
0.233159
0.349868
0.324365
0.729927
0.348163
0.538232
0.166626
0.510521
0.679508
0.264944
0.0385316
0.162247
0.538529
0.0292111
0.962824
0.78683
0.012765
0.465158
0.266891
0.60145
0.590805
0.746803
0.930136
0.992272
0.289282
0.796057
0.366513
0.173385
0.94263
0.401087
0.0941925
0.069955
0.875715
0.514861
0.454583
0.629371
0.223928
0.364725
0.127555
0.371348
0.949746
0.679935
0.405883
0.587094
0.212813
0.97347
0.304431
0.806568
0.888777
0.934786
0.466598
0.718048
0.617343
0.803824
0.189828
0.966126
0.436908
0.0435555
0.341641
0.732466
0.637025
0.38068
0.600018
0.363768
0.543185
0.472742
0.16578
0.790807
0.413381
0.66487
0.61108
0.341772
0.567351
0.536412
0.231024
0.68876
0.104646
0.22502
0.939437
0.850605
0.19602
0.418358
0.732939
0.917034
0.633546
0.483705
0.533903
0.972476
0.744066
0.77806
0.870022
0.469501
0.0231892
0.244651
0.674262
0.578309
0.0824296
0.958869
0.387696
0.114419
0.60436
0.838746
0.449204
0.0752845
0.0659085
0.985026
0.644803
0.0197526
0.827856
0.585304
0.88831
0.253785
0.889528
0.184037
0.754451
0.481425
0.207486
0.531529
0.865773
0.767768
0.685684
0.359633
0.230101
0.0771935
0.674339
0.480586
0.370194
0.0359198
0.462689
0.0589358
0.600895
0.700116
0.214128
0.736024
0.0127685
0.622669
0.0433568
0.00384413
0.669173
0.232932
0.59841
0.854567
0.169823
0.771304
0.0199477
0.317792
0.0617232
0.263816
0.829397
0.408985
0.799966
0.804541
0.911704
0.544215
0.448122
0.221049
0.14305
0.438285
0.626747
0.894214
0.263353
0.292067
0.372081
0.894499
0.635622
0.641683
0.772275
0.0401464
0.343223
0.512698
0.343215
0.059136
0.136405
0.123054
0.599752
0.434746
0.65741
0.190086
0.95046
0.418095
0.282402
0.259871
0.654751
0.00100948
0.61578
0.737176
0.504025
0.538362
0.853168
0.720415
0.67718
0.861125
0.0473884
0.121473
0.247404
0.767943
0.692384
0.328838
0.735983
0.920921
0.704733
0.162043
0.827257
0.832277
0.154328
0.789418
0.906392
0.865921
0.5822
0.431025
0.291356
0.463125
0.661502
0.515286
0.0486401
0.0147882
0.651732
0.553385
0.378702
0.999392
0.372787
0.613373
0.631163
0.464741
0.232188
0.498117
0.235214
0.479991
0.969451
0.142974
0.984372
0.279979
0.60355
0.121032
0.480991
0.0742254
0.943025
0.836215
0.0239318
0.209189
0.503225
0.528879
0.445839
0.0189999
0.974285
0.469288
0.739329
0.402724
0.896392
0.869632
0.582425
0.304607
0.0811112
0.403442
0.978737
0.532796
0.772128
0.635604
0.986166
0.490509
0.744656
0.665261
0.0760137
0.771351
0.431506
0.263178
0.506672
0.44094
0.0357666
0.291479
0.386601
0.770825
0.622503
0.935501
0.415391
0.635709
0.650736
0.167662
0.104319
0.130317
0.793019
0.192069
0.0566101
0.935909
0.186967
0.362683
0.623707
0.182788
0.106449
0.443281
0.0680343
0.871782
0.0156388
0.278715
0.0169955
0.343124
0.833843
0.701112
0.670451
0.468234
0.706126
0.383595
0.756221
0.576748
0.664184
0.27768
0.990053
0.627977
0.647646
0.0886151
0.48865
0.933476
0.789617
0.374793
0.596768
0.336428
0.387343
0.474846
0.760663
0.25476
0.773248
0.422997
0.377601
0.0193584
0.709593
0.0681206
0.174001
0.32937
0.836269
0.627749
0.363961
0.592901
