0.249554
0.381871
0.0357858
0.704038
0.0389538
0.44109
0.797025
0.362331
0.0848501
0.783829
0.0570565
0.463123
0.990348
0.121933
0.746333
0.50613
0.0934752
0.775867
0.0337352
0.297398
0.640323
0.54911
0.665394
0.815781
0.332013
0.743398
0.21409
0.101009
0.649409
0.739329
0.0946469
0.812496
0.492439
0.687077
0.991303
0.251472
0.113678
0.362729
0.0317823
0.594576
0.244886
0.340783
0.729617
0.624881
0.455068
0.0295192
0.222413
0.362514
0.636841
0.123612
0.189871
0.808077
0.84739
0.436865
0.955811
0.0233818
0.179402
0.403927
0.696648
0.73998
0.0114502
0.000312654
0.866564
0.329957
0.545732
0.279125
0.376615
0.710993
0.815795
0.81568
0.922347
0.513475
0.0649212
0.0716202
0.251436
0.678223
0.357609
0.554106
0.741428
0.0379497
0.166606
0.974232
0.853539
0.175037
0.214573
0.211648
0.11701
0.954014
0.258791
0.909715
0.241758
0.165674
0.103894
0.586387
0.80714
0.675317
0.597436
0.0177937
0.676492
0.695758
0.337646
0.941159
0.0322421
0.220176
0.822015
0.693471
0.635949
0.362163
0.270244
0.378298
0.25966
0.191024
0.12717
0.130775
0.269923
0.210922
0.287315
0.781536
0.161097
0.48545
0.579008
0.0099847
0.735105
0.626201
0.201738
0.595887
0.475093
0.818881
0.728365
0.722159
0.16853
0.167215
0.488564
0.125844
0.0931684
0.960473
0.957473
0.658658
0.669052
0.0994183
0.380495
0.0578652
0.444189
0.531052
0.219176
0.402002
0.00122929
0.677379
0.732501
0.182699
0.452136
0.844486
0.302427
0.986496
0.823223
0.766562
0.0256664
0.252934
0.598342
0.65208
0.458825
0.0893665
0.0680981
0.0709069
0.144703
0.292799
0.0922647
0.702383
0.325932
0.832155
0.607187
0.919835
0.843559
0.454733
0.0830127
0.077259
0.299901
0.139104
0.325106
0.832968
0.28234
0.304714
0.437557
0.616896
0.585189
0.78529
0.667713
0.877135
0.615322
0.118387
0.0915067
0.748257
0.289327
0.183051
0.313067
0.841608
0.835046
0.595889
0.439486
0.337982
0.917075
0.513229
0.831238
0.425993
0.289155
0.965734
0.391621
0.584276
0.874044
0.186801
0.746114
0.452256
0.622787
0.486808
0.605102
0.444966
0.692909
0.601174
0.176893
0.574804
0.738676
0.721749
0.254909
0.998643
0.618551
0.460474
0.265214
0.37996
0.13083
0.903945
0.34619
0.86849
0.371011
0.799167
0.205327
0.452123
0.910316
0.374147
0.299172
0.982392
0.988119
0.773189
0.858764
0.65887
0.162719
0.0138003
0.932912
0.878486
0.624204
0.336678
0.484214
0.790602
0.910147
0.253897
0.155743
0.0733937
0.458465
0.860639
0.895619
0.604316
0.976711
0.384895
0.65711
0.363641
0.406868
0.402027
0.521845
0.811805
0.707035
0.36255
0.582262
0.656934
0.831901
0.558658
0.710595
0.416394
0.425613
0.714999
0.664197
0.455989
0.168633
0.852901
0.24658
0.775599
0.305424
0.025134
0.0757796
0.942808
0.44596
0.0152504
0.856456
0.338214
0.242799
0.203668
0.764536
0.875975
0.324295
0.63128
0.897812
0.563539
0.911252
0.399152
0.620377
0.919869
0.575555
0.113739
0.675667
0.040842
0.524516
0.146492
0.924965
0.850146
0.79616
0.120758
0.736441
0.40642
0.0925509
0.927361
0.858603
0.224374
0.725013
0.443188
0.700943
0.108501
0.214336
0.901053
0.598072
0.413723
0.547307
0.156554
0.328773
0.878774
0.27423
0.198494
0.460005
0.0578889
0.987894
0.846409
0.734406
0.521917
0.0297004
0.356853
0.292883
0.629172
0.543612
0.867902
0.909112
0.106008
0.897031
0.676793
0.96897
0.933547
0.00302448
0.517025
0.106148
0.582771
0.491782
0.039296
0.810348
0.29922
0.105307
0.476606
0.0492374
0.562255
0.682288
0.0588167
0.644912
0.806
0.768168
0.830867
0.776434
0.495275
0.75628
0.27902
0.885134
0.519706
0.0781465
0.366585
0.631808
0.292258
0.435434
0.555537
0.827842
0.327826
0.284087
0.51294
0.277535
0.183726
0.9186
0.672973
0.475969
0.805665
0.0703826
0.773034
0.546901
0.626322
0.358053
0.570383
0.0841272
0.92575
0.959666
0.28864
0.0959086
0.868487
0.444433
0.231078
0.956069
0.521832
0.952811
0.533326
0.183719
0.282014
0.876237
0.772826
0.313779
0.543112
0.918058
0.540189
0.345079
0.149585
0.841478
0.260342
0.996955
0.504591
0.62631
0.313128
0.759993
0.129084
0.630124
0.142264
0.616156
0.0498175
0.0401837
0.430658
0.509438
0.605018
0.628874
0.169828
0.562021
0.528379
0.111375
0.663466
0.356456
0.702539
0.646328
0.720735
0.281595
0.79499
0.918363
0.211245
0.779001
0.465929
0.786261
0.582378
0.112809
0.572154
0.328446
0.21623
0.156025
0.608294
0.827628
0.956338
0.678833
0.918593
0.914427
0.86259
0.0336743
0.156438
0.590595
0.306375
0.881193
0.307788
0.859408
0.526138
0.722007
0.245715
0.865803
0.593136
0.235295
0.826342
0.519606
0.1312
0.998244
0.0499093
0.539672
0.150532
0.74533
0.867745
0.179967
0.516951
0.640011
0.730868
0.831332
0.155415
0.617341
0.0912259
0.223885
0.953046
0.949185
0.977936
0.756657
0.762873
0.00772559
0.333058
0.109875
0.98588
0.640845
0.68383
0.0574131
0.734415
0.523266
0.696276
