0.568917
0.320801
0.336888
0.336249
0.0142795
0.291394
0.634857
0.729139
0.0212662
0.978963
0.712357
0.988422
0.498536
0.502123
0.920994
0.428198
0.719936
0.436036
0.012659
0.421696
0.367531
0.682215
0.104774
0.0152846
0.241238
0.705763
0.089886
0.881694
0.461171
0.802934
0.416447
0.509028
0.144888
0.706656
0.0332121
0.8276
0.838308
0.631424
0.160487
0.468049
0.731597
0.402515
0.618649
0.0605244
0.738521
0.62068
0.462428
0.633076
0.534987
0.935164
0.850288
0.0605777
0.709299
0.92921
0.583154
0.476267
0.148064
0.867039
0.385964
0.573775
0.603862
0.247928
0.406841
0.528468
0.763065
0.795753
0.297541
0.304386
0.820351
0.828435
0.0552275
0.995847
0.573089
0.994598
0.685204
0.937498
0.940589
0.0111932
0.600393
0.170039
0.897482
0.326559
0.369571
0.614475
0.109368
0.549343
0.495428
0.303926
0.369522
0.248275
0.696279
0.948456
0.137516
0.716069
0.976378
0.66783
0.302533
0.1718
0.531193
0.696689
0.516955
0.55475
0.754224
0.439594
0.233445
0.507972
0.586254
0.517082
0.762943
0.320371
0.54861
0.625596
0.250489
0.546744
0.453113
0.0172746
0.742688
0.766382
0.63047
0.26574
0.0487982
0.504966
0.154341
0.677021
0.172481
0.167554
0.0813946
0.480241
0.688662
0.177973
0.516824
0.52546
0.503652
0.446434
0.808505
0.707562
0.887359
0.147533
0.161777
0.893264
0.588773
0.976065
0.60377
0.947851
0.658732
0.341467
0.131876
0.600852
0.570261
0.51474
0.17986
0.362045
0.626186
0.420021
0.47676
0.762516
0.609757
0.544187
0.524553
0.485064
0.461117
0.653427
0.0165496
0.784545
0.417506
0.533794
0.332931
0.121623
0.407528
0.560258
0.553684
0.467904
0.898085
0.352953
0.0134098
0.998028
0.43269
0.801605
0.660559
0.306642
0.149381
0.346209
0.340139
0.912046
0.0383401
0.0545871
0.20495
0.102547
0.604215
0.851858
0.195353
0.942875
0.019236
0.495625
0.296707
0.609737
0.0339708
0.162963
0.486629
0.28271
0.61037
0.383355
0.216199
0.269007
0.309264
0.374188
0.0141407
0.832579
0.762086
0.0705946
0.201266
0.00718958
0.644969
0.483587
0.0379492
0.194823
0.817578
0.422806
0.607091
0.0879179
0.904984
0.753062
0.753762
0.0162719
0.353654
0.127933
0.887422
0.550577
0.223752
0.845949
0.680551
0.0348398
0.029938
0.12283
0.558433
0.694648
0.802227
0.652459
0.960643
0.138081
0.820852
0.50706
0.227134
0.792203
0.925507
0.0329909
0.446078
0.0154358
0.242703
0.267705
0.404497
0.0426627
0.880965
0.766964
0.49254
0.243248
0.769806
0.452158
0.436814
0.106523
0.0619095
0.947356
0.845664
0.315463
0.914523
0.955624
0.587437
0.0918374
0.789819
0.939154
0.738363
0.676424
0.464401
0.362811
0.0990433
0.506154
0.0413518
0.81625
0.506555
0.91146
0.360209
0.920491
0.0742125
0.538659
0.644848
0.276784
0.83476
0.442346
0.38497
0.968353
0.116777
0.0502565
0.812778
0.739085
0.844911
0.115612
0.565027
0.769163
0.34409
0.873779
0.284016
0.134937
0.0317143
0.826361
0.0671857
0.193318
0.337339
0.1439
0.537304
0.465419
0.665012
0.420093
0.547629
0.709503
0.115587
0.399128
0.37297
0.768613
0.9464
0.639906
0.610466
0.130041
0.387158
0.602472
0.493289
0.7044
0.40681
0.692008
0.445425
0.925823
0.206923
0.170609
0.639995
0.854689
0.370479
0.880127
0.66653
0.646241
0.419231
0.617984
0.159781
0.622698
0.647195
0.0167852
0.90305
0.130642
0.448918
0.0753228
0.522194
0.102982
0.459809
0.841153
0.401247
0.71141
0.443454
0.301674
0.524788
0.0603893
0.909686
0.945121
0.746376
0.257296
0.959868
0.978178
0.733321
0.655945
0.668128
0.329925
0.197639
0.477595
0.306684
0.80241
0.075815
0.309909
0.115172
0.942877
0.317624
0.0639289
0.286711
0.680886
0.953101
0.454117
0.598918
0.226582
0.0629143
0.256956
0.117053
0.576208
0.631313
0.575336
0.972478
0.888431
0.762966
0.164788
0.540448
0.807985
0.621955
0.373648
0.531384
0.363226
0.0552142
0.356109
0.364799
0.649729
0.111423
0.0623184
0.936458
0.0111331
0.564515
0.447327
0.53592
0.295411
0.103483
0.0193305
0.21314
0.721631
0.0580201
0.698644
0.447032
0.0683757
0.639392
0.192484
0.644321
0.86978
0.604538
0.548959
0.831356
0.47012
0.2589
0.30598
0.472041
0.209882
0.661849
0.055992
0.159005
0.0326908
0.16516
0.114968
0.485185
0.180376
0.673506
0.0501525
0.874162
0.260048
0.528185
0.068839
0.0769281
0.209916
0.214515
0.00955977
0.065538
0.641915
0.475705
0.603746
0.804093
0.0342203
0.384618
0.12073
0.570963
0.758587
0.174685
0.925123
0.183352
0.960833
0.00107397
0.171385
0.173769
0.410949
0.209391
0.913562
0.58378
0.890948
0.467667
0.319789
0.501237
0.342735
0.0020496
0.00436534
0.545543
0.99916
0.100206
0.317073
0.607367
0.155043
0.745474
0.0648301
0.963742
0.91393
0.110931
0.89416
0.989238
0.46609
0.706284
0.688617
0.0163098
0.690211
0.406002
0.760538
0.303199
0.747294
0.0183393
0.505579
0.495237
0.277702
0.632868
0.328625
0.657979
0.711507
0.264552
0.291585
0.227509
0.811024
