0.674864
0.275396
0.480755
0.341872
0.282454
0.372683
0.973855
0.239338
0.836446
0.467331
0.316216
0.612466
0.5358
0.299695
0.813405
0.768959
0.201881
0.900168
0.490513
0.24226
0.757628
0.0356591
0.982594
0.327759
0.183159
0.409624
0.107182
0.844761
0.609735
0.646214
0.630064
0.621148
0.614522
0.617681
0.348559
0.00140266
0.475272
0.929008
0.722584
0.464732
0.680451
0.807805
0.950222
0.97171
0.587961
0.615359
0.649819
0.00754659
0.712227
0.135273
0.260604
0.78253
0.881737
0.979077
0.287476
0.820305
0.591579
0.528061
0.565247
0.959516
0.0635696
0.397478
0.229566
0.506916
0.956504
0.115305
0.276172
0.201814
0.854105
0.223526
0.456362
0.208617
0.234413
0.669453
0.348391
0.259145
0.914675
0.940318
0.586629
0.274323
0.718272
0.0607931
0.841113
0.448323
0.474387
0.0336094
0.306472
0.60155
0.962817
0.00038572
0.947494
0.0444844
0.572285
0.834375
0.869668
0.881337
0.369525
0.294834
0.875143
0.61413
0.457791
0.399542
0.589281
0.141901
0.266979
0.115177
0.752499
0.841907
0.214531
0.418451
0.284007
0.899761
0.929314
0.395423
0.956788
0.196431
0.901996
0.988474
0.668977
0.968554
0.884415
0.590564
0.019606
0.115682
0.354467
0.836325
0.23359
0.476115
0.73626
0.0347413
0.568784
0.282946
0.412495
0.691615
0.68833
0.413825
0.537404
0.838173
0.326392
0.99055
0.123835
0.463148
0.542531
0.506551
0.123122
0.215578
0.490568
0.0301219
0.102292
0.148919
0.239165
0.629293
0.907545
0.152058
0.189456
0.25455
0.253821
0.226652
0.0532112
0.566363
0.299467
0.00380407
0.00135104
0.521606
0.083008
0.37639
0.625763
0.891487
0.872902
0.967799
0.713363
0.943287
0.0510143
0.371088
0.0169655
0.770799
0.562652
0.477226
0.162746
0.913895
0.253143
0.137856
0.189679
0.399619
0.734584
0.752131
0.882765
0.15283
0.131291
0.277142
0.112109
0.175344
0.872615
0.547696
0.210068
0.44938
0.977837
0.495282
0.29941
0.506138
0.656456
0.993858
0.77416
0.658792
0.161166
0.208332
0.618984
0.0115403
0.0858324
0.691655
0.829295
0.723754
0.998638
0.910021
0.555592
0.94791
0.689169
0.583374
0.856061
0.316073
0.415983
0.138487
0.545587
0.973323
0.3456
0.386605
0.128364
0.245557
0.171193
0.28881
0.788699
0.641423
0.98659
0.957169
0.633573
0.871006
0.128591
0.293434
0.110415
0.122876
0.847331
0.690016
0.93598
0.393161
0.148815
0.486247
0.470224
0.839978
0.845429
0.279835
0.456147
0.700987
0.580947
0.534508
0.405214
0.979842
0.267993
0.0833243
0.298781
0.696876
0.499369
0.874051
0.501137
0.400518
0.973469
0.58107
0.671103
0.53134
0.50166
0.332759
0.524188
0.139214
0.974572
0.957662
0.605965
0.0861957
0.132909
0.542916
0.489307
0.0054798
0.406163
0.112362
0.548118
0.316127
0.494079
0.385696
0.74235
0.314158
0.500314
0.83218
0.518625
0.163888
0.96797
0.783438
0.0277588
0.374354
0.580203
0.727294
0.397991
0.933374
0.659687
0.175597
0.322678
0.984466
0.504465
0.0108389
0.888219
0.216133
0.561193
0.304329
0.0378829
0.897546
0.825485
0.947469
0.191788
0.738559
0.773137
0.860993
0.5306
0.374377
0.222325
0.000315983
0.568535
0.302634
0.545817
0.0797483
0.845848
0.0618839
0.62039
0.202685
0.859596
0.075545
0.417173
0.754417
0.277347
0.830463
0.511483
0.940767
0.15384
0.357367
0.0514657
0.186895
0.832699
0.0325641
0.322925
0.138007
0.885141
0.194684
0.293453
0.54254
0.896806
0.212117
0.419955
0.631583
0.913722
0.390413
0.727806
0.595958
0.780439
0.877373
0.249136
0.42622
0.965693
0.612687
0.885337
0.652715
0.6742
0.384451
0.786505
0.749155
0.312303
0.909941
0.468904
0.877671
0.0718427
0.693462
0.735209
0.114117
0.874282
0.0976225
0.783051
0.125106
0.67798
0.265869
0.168527
0.264157
0.883044
0.920069
0.4525
0.0594154
0.0439436
0.197765
0.323925
0.872526
0.320677
0.669942
0.216992
0.658078
0.544985
0.00951932
0.413808
0.555819
0.740052
0.446639
0.956784
0.461536
0.522049
0.243084
0.616173
0.0351133
0.113623
0.0817617
0.981444
0.802629
0.280657
0.214394
0.858727
0.813836
0.886187
0.778991
0.321369
0.763809
0.625721
0.0530447
0.89713
0.325312
0.557197
0.232006
0.550045
0.396621
0.0233624
0.689405
0.347235
0.0552573
0.747959
0.423746
0.871321
0.301983
0.257533
0.878861
0.102058
0.847227
0.316644
0.618491
0.256059
0.0571958
0.0821059
0.436788
0.222404
0.800333
0.923346
0.0259835
0.928296
0.679841
0.161613
0.936955
0.856491
0.116991
0.0242413
0.543513
0.0612747
0.917226
0.0311915
0.499727
0.89099
0.0568745
0.264944
0.359066
0.0455621
0.164214
0.501382
0.324261
0.861694
0.999072
0.767308
0.259023
0.468932
0.68996
0.464776
0.289245
0.397273
0.629451
0.822718
0.718349
0.207722
0.973309
0.341076
0.938427
0.0712298
0.0273781
0.355731
0.429946
0.0863312
0.101214
0.63678
0.536449
0.885943
0.0645347
0.168831
0.492742
0.605441
0.554589
0.226996
0.790777
0.997971
0.106164
0.49087
0.562088
0.489843
0.869623
0.796382
0.826624
