0.601913
0.407388
0.929393
0.107062
0.0193726
0.464246
0.580347
0.552805
0.604382
0.190365
0.172187
0.16774
0.723823
0.949731
0.864543
0.908606
0.111547
0.135692
0.75187
0.9527
0.791324
0.0244906
0.79591
0.613068
0.423098
0.243228
0.641886
0.666955
0.489978
0.7729
0.141822
0.780086
0.182193
0.580964
0.409034
0.204596
0.547111
0.190063
0.329122
0.295378
0.351006
0.284063
0.700987
0.0376749
0.443072
0.126845
0.41962
0.700855
0.59424
0.405558
0.454081
0.164444
0.176183
0.0295808
0.949452
0.436514
0.480034
0.637967
0.957743
0.0184826
0.750117
0.579216
0.513018
0.0897036
0.861325
0.401476
0.396961
0.846429
0.724429
0.587106
0.500431
0.173761
0.735938
0.089626
0.937504
0.524334
0.715964
0.222631
0.559254
0.81398
0.423356
0.669756
0.822193
0.69619
0.618828
0.963261
0.602108
0.644813
0.484027
0.632936
0.113315
0.170246
0.0701626
0.208635
0.250242
0.842799
0.351236
0.412296
0.0828989
0.302169
0.0843529
0.265477
0.980605
0.802261
0.598776
0.272483
0.0846451
0.246349
0.899313
0.668888
0.0961312
0.872288
0.268067
0.6717
0.195985
0.578771
0.413119
0.945685
0.449721
0.473615
0.143399
0.262201
0.166866
0.797965
0.380979
0.783508
0.47296
0.359421
0.51931
0.947738
0.434806
0.474184
0.581671
0.0675326
0.912044
0.293465
0.83288
0.525013
0.204621
0.308554
0.792083
0.883883
0.299393
0.532128
0.0782531
0.907987
0.711992
0.0520331
0.714493
0.0674561
0.996835
0.230848
0.447676
0.323892
0.845711
0.789692
0.523413
0.570993
0.259076
0.151736
0.103683
0.509655
0.954419
0.503503
0.643863
0.0084984
0.00528882
0.979615
0.948109
0.672613
0.269532
0.493568
0.778403
0.793816
0.485944
0.48388
0.881776
0.225518
0.31935
0.0138063
0.0153526
0.65478
0.080984
0.232215
0.770588
0.409167
0.903701
0.602201
0.00967052
0.824127
0.0780201
0.611705
0.0880223
0.306156
0.128317
0.721699
0.58358
0.929836
0.242705
0.634685
0.23988
0.149787
0.925026
0.101809
0.7976
0.812644
0.652927
0.914184
0.759047
0.198544
0.886677
0.776251
0.835361
0.98349
0.94292
0.27978
0.000867519
0.811021
0.243217
0.561404
0.837979
0.313213
0.809614
0.623947
0.516944
0.627933
0.609995
0.0994605
0.91631
0.203459
0.346276
0.626552
0.261843
0.636978
0.250589
0.0396752
0.577648
0.311602
0.649872
0.471988
0.728724
0.69141
0.636547
0.213108
0.704536
0.127265
0.409753
0.617865
0.425176
0.488643
0.905082
0.183332
0.0328027
0.740568
0.491692
0.245915
0.337957
0.576152
0.571792
0.130088
0.86465
0.0578277
0.974421
0.576764
0.519926
0.597952
0.177796
0.359335
0.805131
0.359969
0.852956
0.0945472
0.402583
0.187109
0.608348
0.602235
0.64708
0.547967
0.327109
0.526318
0.938123
0.626513
0.244623
0.261382
0.493274
0.345947
0.770605
0.508567
0.473591
0.901219
0.157397
0.444146
0.3924
0.366395
0.619347
0.815176
0.903361
0.816433
0.821961
0.339677
0.546471
0.673675
0.788561
0.417406
0.499496
0.770437
0.691679
0.590783
0.610741
0.68642
0.590301
0.533052
0.0557546
0.798933
0.49735
0.988052
0.997603
0.848065
0.549734
0.604743
0.157808
0.417578
0.376381
0.00104834
0.1069
0.640428
0.412797
0.754869
0.390993
0.999765
0.249772
0.581037
0.0114959
0.458541
0.350788
0.432339
0.722375
0.35357
0.557101
0.344721
0.19662
0.966466
0.94612
0.998899
0.376369
0.190789
0.624184
0.334943
0.226589
0.960283
0.622925
0.328529
0.515638
0.819408
0.819562
0.125205
0.144437
0.22208
0.216221
0.890448
0.108137
0.663541
0.65023
0.595101
0.928652
0.236832
0.0469479
0.945039
0.51265
0.27539
0.341485
0.22519
0.506914
0.166403
0.809728
0.641257
0.263637
0.957433
0.206516
0.698561
0.788708
0.0432736
0.481843
0.544195
0.136615
0.513484
0.9993
0.562747
0.461209
0.196584
0.690706
0.932293
0.540557
0.364674
0.0515247
0.973797
0.960576
0.230941
0.919099
0.923585
0.983997
0.0821525
0.842876
0.940853
0.278903
0.41551
0.692294
0.983101
0.560979
0.426415
0.689648
0.697278
0.580184
0.944609
0.91898
0.802984
0.468539
0.153471
0.864586
0.0587735
0.389261
0.118635
0.221178
0.710444
0.397169
0.890187
0.212536
0.440997
0.80295
0.540866
0.577966
0.76195
0.0362339
0.0743033
0.107028
0.381916
0.992401
0.0592466
0.829605
0.852674
0.431616
0.105543
0.29848
0.216147
0.603539
0.853648
0.490564
0.174732
0.685147
0.0136059
0.0528579
0.593392
0.290545
0.41515
0.0828916
0.425626
0.516674
0.280253
0.727736
0.435235
0.327841
0.97148
0.382029
0.935666
0.424823
0.426107
0.74889
0.23736
0.800763
0.886318
0.842801
0.122669
0.912709
0.659475
0.0850192
0.887134
0.556933
0.499839
0.0953833
0.449731
0.257364
0.821573
0.0556114
0.877837
0.263367
0.916047
0.730806
0.0307175
0.490818
0.274505
0.100786
0.919304
0.461026
0.178634
0.443016
0.342695
0.488287
0.0943517
0.869624
0.323374
0.87372
0.67675
0.0986921
0.0220291
0.201368
0.462271
0.908444
0.625662
0.658128
0.794847
0.34038
0.701209
