0.288202
0.822166
0.750729
0.974893
0.0782476
0.61562
0.165491
0.254003
0.853496
0.815109
0.926364
0.00554393
0.565269
0.987886
0.525976
0.991947
0.853114
0.65419
0.0275603
0.9855
0.724494
0.703139
0.519798
0.377255
0.318293
0.626757
0.593271
0.147402
0.346129
0.306284
0.663028
0.484891
0.591876
0.0514333
0.926804
0.290528
0.502279
0.67653
0.789219
0.619434
0.870373
0.804841
0.151932
0.563594
0.162928
0.646545
0.954656
0.693243
0.787771
0.575524
0.0265176
0.87376
0.955311
0.667995
0.731469
0.0925545
0.762317
0.418484
0.491636
0.469073
0.458071
0.682429
0.869849
0.0183935
0.891808
0.097238
0.919643
0.967162
0.865494
0.946016
0.390483
0.413059
0.608911
0.10122
0.433331
0.174788
0.203345
0.380299
0.613408
0.942824
0.0141631
0.225343
0.824479
0.452376
0.319859
0.117429
0.604835
0.457358
0.710655
0.829809
0.76726
0.408518
0.263941
0.274067
0.741017
0.495254
0.606905
0.26914
0.0209324
0.0321309
0.16892
0.246876
0.871748
0.597802
0.453604
0.405775
0.44589
0.769656
0.456212
0.0290018
0.527771
0.373967
0.704676
0.0235467
0.132683
0.721099
0.82665
0.380893
0.93731
0.354517
0.674005
0.368905
0.93297
0.590297
0.609043
0.881825
0.968319
0.938358
0.39818
0.454187
0.127248
0.700601
0.806915
0.779879
0.556628
0.107027
0.407291
0.17963
0.957208
0.872636
0.417656
0.337608
0.0156702
0.392236
0.538072
0.204848
0.21857
0.761229
0.959934
0.730732
0.218674
0.726872
0.710625
0.953721
0.0014357
0.743829
0.00970474
0.773235
0.665983
0.626881
0.531118
0.276153
0.503321
0.573482
0.0142325
0.383968
0.455176
0.0133761
0.370201
0.0429676
0.75735
0.739588
0.863639
0.00672783
0.574361
0.456106
0.356064
0.919852
0.799102
0.928515
0.423778
0.661958
0.0973347
0.557441
0.116158
0.477823
0.666183
0.34082
0.92806
0.864451
0.595612
0.497778
0.65271
0.142844
0.502398
0.611645
0.719216
0.311355
0.542733
0.941615
0.767322
0.857364
0.474891
0.218117
0.868214
0.452148
0.770826
0.474369
0.86134
0.123099
0.318506
0.349988
0.696692
0.343526
0.88642
0.378336
0.023896
0.954667
0.00235601
0.914273
0.525219
0.682589
0.825232
0.740298
0.819771
0.694989
0.00316537
0.580805
0.760556
0.454519
0.200956
0.12971
0.630382
0.474514
0.148646
0.300706
0.601785
0.0436548
0.97717
0.437728
0.219699
0.308609
0.334125
0.23985
0.471294
0.279178
0.903098
0.813827
0.514746
0.207893
0.669919
0.0425624
0.689006
0.545384
0.263776
0.108892
0.798887
0.968919
0.98163
0.509922
0.0371936
0.998047
0.0317087
0.509735
0.163483
0.712941
0.66183
0.461874
0.740941
0.237367
0.763335
0.537917
0.523341
0.875581
0.495617
0.186033
0.0360268
0.52516
0.453796
0.858826
0.376088
0.884725
0.199475
0.655588
0.342314
0.339704
0.917974
0.164225
0.843501
0.628718
0.421901
0.888514
0.02521
0.253294
0.626092
0.551866
0.736932
0.835969
0.645276
0.324558
0.630084
0.834966
0.084636
0.865069
0.169388
0.560904
0.291447
0.350862
0.409041
0.909949
0.443311
0.675517
0.512285
0.422339
0.6483
0.0910978
0.681328
0.384499
0.514204
0.841681
0.263607
0.438074
0.703811
0.124657
0.698461
0.532938
0.360254
0.347686
0.80129
0.346165
0.872086
0.454126
0.203719
0.670739
0.34279
0.766867
0.52752
0.325741
0.799121
0.229778
0.164392
0.450151
0.09239
0.432827
0.691252
0.137249
0.53124
0.898225
0.557002
0.908439
0.867471
0.508222
0.741814
0.917399
0.865065
0.944092
0.389629
0.180658
0.192359
0.879228
0.187115
0.77904
0.0394103
0.359857
0.334622
0.977494
0.830796
0.932458
0.861064
0.00334226
0.0775201
0.947756
0.0697262
0.555345
0.532715
0.261377
0.866198
0.301047
0.702801
0.331705
0.705081
0.198023
0.745895
0.269333
0.188908
0.345241
0.518877
0.632548
0.151161
0.0115797
0.637275
0.628428
0.80551
0.634873
0.702248
0.647923
0.771246
0.738091
0.842933
0.74756
0.205953
0.853032
0.131581
0.484412
0.581913
0.755555
0.643955
0.0689922
0.706531
0.1327
0.701372
0.834456
0.639117
0.918183
0.843952
0.686616
0.672569
0.0755332
0.478097
0.0744604
0.280862
0.752042
0.983773
0.646133
0.478905
0.334511
0.79906
0.0455486
0.265755
0.443523
0.422236
0.772472
0.397433
0.290941
0.956502
0.597781
0.207452
0.528586
0.8184
0.90013
0.59344
0.023742
0.131792
0.168187
0.93012
0.246214
0.154525
0.362555
0.830502
0.589698
0.949787
0.660237
0.0879787
0.233818
0.0947742
0.902353
0.794896
0.13975
0.691897
0.227767
0.505646
0.232956
0.0518566
0.942026
0.541636
0.098854
0.407553
0.276658
0.329084
0.0981492
0.947416
0.61478
0.717168
0.343704
0.516416
0.941772
0.943173
0.104689
0.469406
0.462786
0.228028
0.117046
0.936811
0.936585
0.699234
0.374642
0.803403
0.215044
0.027727
0.423135
0.0462572
0.774776
0.234416
0.729491
0.718008
0.453216
0.831142
0.609902
0.798889
0.629511
0.101922
0.15471
0.804326
0.37355
0.234532
0.168559
0.701923
0.572048
0.773646
0.309606
0.77223
0.763809
