0.170955
0.350335
0.405427
0.404036
0.563785
0.121377
0.54637
0.303408
0.274672
0.0842323
0.734301
0.980303
0.218942
0.644875
0.450864
0.681782
0.69981
0.181929
0.459487
0.818549
0.715905
0.0588398
0.65243
0.474621
0.0588711
0.0258071
0.681754
0.758294
0.111672
0.322753
0.482219
0.0553178
0.752188
0.974586
0.97638
0.734889
0.975332
0.730331
0.672377
0.332663
0.0218332
0.70219
0.17765
0.235639
0.689214
0.958744
0.0112387
0.145679
0.460745
0.463814
0.63413
0.556944
0.855397
0.939314
0.88049
0.205734
0.010649
0.362843
0.518182
0.147592
0.127479
0.904033
0.0647329
0.936908
0.97505
0.543881
0.0343261
0.656344
0.864551
0.928264
0.577067
0.061581
0.922008
0.0891431
0.172922
0.96804
0.884755
0.4253
0.212
0.751104
0.30284
0.384444
0.686975
0.948747
0.134439
0.954779
0.290489
0.47923
0.142778
0.538853
0.339134
0.653934
0.341492
0.196315
0.508707
0.151694
0.277786
0.620563
0.413717
0.650921
0.979763
0.31727
0.484532
0.254759
0.0765809
0.545598
0.500047
0.248669
0.623466
0.944153
0.563623
0.694774
0.0528656
0.35597
0.839272
0.812978
0.394726
0.777869
0.761444
0.312745
0.578132
0.0875612
0.219194
0.0487613
0.554762
0.518931
0.842601
0.0605932
0.196489
0.124033
0.0473363
0.48449
0.761238
0.0731422
0.835023
0.472261
0.177051
0.789408
0.435801
0.270695
0.188785
0.763972
0.737618
0.819597
0.699075
0.834284
0.660735
0.271025
0.758538
0.341348
0.0592229
0.626718
0.242321
0.272745
0.170515
0.168066
0.271453
0.200488
0.814803
0.718924
0.319262
0.42948
0.21676
0.219274
0.678133
0.612222
0.042892
0.116996
0.709261
0.169195
0.203755
0.226143
0.0925543
0.853026
0.64258
0.185662
0.0440895
0.30725
0.714043
0.34723
0.355103
0.457003
0.731403
0.551462
0.102127
0.988796
0.599816
0.0550342
0.581306
0.136481
0.704237
0.363513
0.164465
0.000783175
0.115311
0.575934
0.907992
0.0334821
0.506456
0.423606
0.311042
0.733006
0.863711
0.918252
0.436159
0.648479
0.681911
0.350407
0.220398
0.0930485
0.418994
0.17697
0.283831
0.674821
0.6058
0.498631
0.163685
0.137556
0.819987
0.946662
0.934457
0.437669
0.540148
0.135565
0.956172
0.622072
0.0175236
0.240183
0.987124
0.0768259
0.702495
0.250076
0.925213
0.274801
0.212399
0.330954
0.621189
0.301163
0.893861
0.390862
0.564704
0.496571
0.35068
0.00877435
0.699302
0.862803
0.289532
0.289376
0.628819
0.177198
0.697765
0.757835
0.913581
0.0967567
0.37082
0.0419041
0.969391
0.923276
0.0787366
0.101666
0.0717263
0.462312
0.37523
0.81658
0.864222
0.08601
0.471059
0.924794
0.109116
0.603997
0.812798
0.138144
0.729601
0.106543
0.950134
0.793202
0.174245
0.0592081
0.124616
0.537392
0.342432
0.209842
0.00193128
0.369575
0.0933968
0.0646375
0.0789267
0.357251
0.589759
0.886947
0.47519
0.59753
0.430057
0.816825
0.167211
0.350513
0.570397
0.586432
0.400619
0.946105
0.546881
0.871794
0.0574722
0.939598
0.496347
0.308494
0.873598
0.753974
0.262972
0.756594
0.358632
0.941574
0.719879
0.419718
0.734157
0.951892
0.131987
0.223172
0.695705
0.656073
0.213051
0.854048
0.357873
0.678195
0.771659
0.188472
0.238207
0.79649
0.521608
0.681111
0.178256
0.422066
0.24729
0.845145
0.298588
0.159315
0.0213224
0.275215
0.748088
0.786598
0.135009
0.861287
0.58493
0.957406
0.123766
0.462741
0.305918
0.548307
0.834254
0.913936
0.752565
0.508282
0.445809
0.949759
0.289996
0.824521
0.960929
0.762094
0.0760683
0.970362
0.378235
0.603568
0.728739
0.220428
0.448585
0.131694
0.919223
0.573569
0.688378
0.887807
0.186343
0.970135
0.230029
0.601643
0.127278
0.690994
0.797094
0.279373
0.0421079
0.789573
0.221896
0.952745
0.641465
0.598284
0.796067
0.249731
0.711685
0.134453
0.366354
0.635828
0.019111
0.662895
0.212522
0.553279
0.733111
0.802764
0.83104
0.213057
0.805912
0.190908
0.557066
0.402965
0.927971
0.384657
0.0207208
0.0701032
0.941931
0.62685
0.557384
0.267366
0.369664
0.55096
0.858103
0.839432
0.462654
0.353209
0.344228
0.104876
0.816903
0.901407
0.305408
0.142016
0.284538
0.671352
0.517549
0.202474
0.447002
0.392097
0.0217207
0.386638
0.584497
0.547676
0.456981
0.068255
0.828122
0.702209
0.100131
0.362552
0.677806
0.934056
0.604557
0.942762
0.620481
0.899437
0.876835
0.82151
0.325479
0.562759
0.831977
0.625269
0.34452
0.345864
0.631316
0.798292
0.041569
0.521136
0.531278
0.381646
0.179761
0.922533
0.360214
0.551499
0.254569
0.112926
0.855696
0.846722
0.222199
0.882664
0.825906
0.209176
0.797675
0.392684
0.217451
0.383589
0.272336
0.414603
0.721471
0.403476
0.395535
0.0324868
0.335181
0.496
0.21074
0.933135
0.381802
0.807117
0.101281
0.303207
0.284955
0.321173
0.0966635
0.196409
0.174162
0.0395342
0.985836
0.215363
0.264097
0.256127
0.0143414
0.434585
0.164739
0.0405637
0.382778
0.837493
0.218399
0.274743
0.932294
0.20587
0.710869
0.665084
0.582427
0.271383
