0.0578516
0.0290373
0.305832
0.201762
0.398641
0.402935
0.534785
0.850045
0.362335
0.624304
0.229663
0.309501
0.000234133
0.663898
0.653775
0.747799
0.485112
0.0844991
0.473017
0.0727716
0.679624
0.293496
0.26041
0.859405
0.0492353
0.381887
0.803807
0.649441
0.47565
0.5519
0.723607
0.9924
0.446513
0.231576
0.994121
0.303014
0.347759
0.467544
0.848357
0.240313
0.680424
0.194697
0.365226
0.124448
0.187864
0.177367
0.464814
0.91579
0.277467
0.290976
0.927659
0.420009
0.672467
0.230934
0.418207
0.154719
0.438981
0.281892
0.129599
0.757546
0.563793
0.14043
0.647255
0.714594
0.998227
0.12624
0.904143
0.152263
0.0202067
0.204916
0.570704
0.873472
0.68495
0.689853
0.122051
0.994873
0.0503506
0.155981
0.740264
0.134679
0.16312
0.923658
0.539353
0.608669
0.319146
0.785458
0.38369
0.413582
0.855463
0.463895
0.74185
0.031649
0.895494
0.529221
0.270453
0.362383
0.192981
0.190277
0.447781
0.765725
0.399048
0.622453
0.96683
0.573413
0.618867
0.926065
0.993401
0.647109
0.878281
0.671348
0.662267
0.750076
0.0383009
0.908176
0.960687
0.716546
0.285543
0.229029
0.464745
0.671977
0.678892
0.367865
0.914392
0.101037
0.154771
0.0770526
0.421007
0.543779
0.254894
0.589501
0.818033
0.486322
0.573837
0.210557
0.388674
0.502821
0.584571
0.564378
0.276784
0.10744
0.662548
0.863914
0.576951
0.185415
0.169661
0.255014
0.31886
0.192
0.972605
0.0866989
0.0532025
0.227723
0.277423
0.0817398
0.386453
0.552921
0.492685
0.895439
0.603568
0.585925
0.956892
0.179159
0.379192
0.915568
0.806263
0.319091
0.54016
0.559177
0.190602
0.496437
0.752417
0.794528
0.585855
0.82999
0.422222
0.509248
0.805694
0.850507
0.59094
0.122358
0.648535
0.50324
0.502159
0.0122351
0.833906
0.111514
0.077779
0.985886
0.870188
0.216135
0.641325
0.383557
0.723713
0.944494
0.450237
0.0820182
0.371081
0.69903
0.0202288
0.953396
0.328899
0.288684
0.684766
0.315069
0.0296785
0.0569709
0.292519
0.0567763
0.026328
0.522096
0.967323
0.0803177
0.438066
0.815795
0.738657
0.628911
0.00616774
0.503006
0.923497
0.811383
0.797502
0.088791
0.194746
0.156428
0.478381
0.992119
0.140571
0.252939
0.440989
0.445514
0.95138
0.508337
0.339634
0.395176
0.447979
0.42097
0.0161634
0.431797
0.550673
0.448735
0.504181
0.41003
0.883717
0.0616918
0.680587
0.279401
0.976054
0.113212
0.247429
0.874988
0.587209
0.398761
0.495782
0.102294
0.879731
0.602328
0.563316
0.112553
0.676605
0.520944
0.64888
0.659433
0.0163616
0.76495
0.860885
0.488981
0.960082
0.0423885
0.846207
0.911122
0.187608
0.175899
0.134545
0.777926
0.811056
0.958505
0.573811
0.12481
0.853025
0.317629
0.371356
0.210061
0.634433
0.481339
0.940969
0.200922
0.465243
0.302741
0.720984
0.633555
0.0650265
0.838435
0.357283
0.223005
0.184954
0.278867
0.971479
0.453583
0.407817
0.828527
0.8053
0.328386
0.397033
0.195156
0.373969
0.560888
0.512664
0.859733
0.552511
0.613128
0.763732
0.165502
0.0539534
0.0359226
0.783689
0.232506
0.451615
0.373267
0.103084
0.362535
0.275729
0.403061
0.933791
0.0190906
0.817711
0.777522
0.419779
0.0560998
0.321335
0.461764
0.41307
0.232257
0.672694
0.183736
0.623775
0.800333
0.576846
0.933633
0.836583
0.480102
0.106316
0.560061
0.385048
0.926024
0.480007
0.162281
0.1233
0.28586
0.192018
0.720187
0.0574801
0.552796
0.00810981
0.715408
0.0466715
0.709861
0.977473
0.519399
0.272125
0.77283
0.976593
0.558293
0.0147754
0.799193
0.0122382
0.646156
0.595777
0.344385
0.671458
0.384619
0.0715339
0.395752
0.637664
0.690833
0.441111
0.159218
0.0739333
0.834316
0.874794
0.739233
0.812876
0.294292
0.486995
0.676977
0.334178
0.540393
0.101924
0.406827
0.1181
0.313135
0.758087
0.3072
0.342624
0.748903
0.709556
0.928033
0.636788
0.806571
0.891127
0.797453
0.98097
0.0762281
0.0754974
0.9082
0.520703
0.257598
0.411155
0.29186
0.704633
0.350431
0.469111
0.492334
0.965464
0.367468
0.973319
0.0711629
0.0912254
0.441619
0.799389
0.558888
0.126168
0.183946
0.918567
0.551826
0.977616
0.479702
0.192275
0.205287
0.00387648
0.103339
0.594008
0.71766
0.213024
0.782455
0.14606
0.194786
0.205472
0.172598
0.55827
0.180665
0.180141
0.63175
0.858242
0.370494
0.0520885
0.512643
0.272919
0.0286456
0.883915
0.0452603
0.495119
0.0718345
0.54127
0.742834
0.496414
0.577425
0.781734
0.913387
0.098203
0.17575
0.997037
0.597825
0.776439
0.426909
0.735248
0.759736
0.209559
0.152156
0.895388
0.972786
0.13619
0.471061
0.160964
0.260083
0.534378
0.703877
0.498939
0.981237
0.533407
0.992575
0.272782
0.756223
0.525118
0.473489
0.06573
0.784637
0.389777
0.029456
0.261877
0.988334
0.809551
0.0327667
0.235716
0.329943
0.27845
0.190425
0.399895
0.241868
0.155729
0.46583
0.129187
0.750675
0.162854
0.172203
0.784806
0.244571
0.586274
0.739034
0.476522
0.395348
0.653921
0.116349
