0.304478
0.195495
0.851323
0.735929
0.291359
0.22127
0.824297
0.0195111
0.773132
0.228119
0.869738
0.0584674
0.864741
0.661504
0.796314
0.192356
0.638897
0.12461
0.252612
0.204427
0.105801
0.289874
0.175703
0.893128
0.229526
0.404689
0.377789
0.860511
0.602078
0.877207
0.833634
0.0899533
0.741461
0.0633047
0.0783485
0.521599
0.586177
0.362286
0.896834
0.15976
0.405004
0.734097
0.601368
0.666494
0.151952
0.00584534
0.316403
0.606158
0.992912
0.0422597
0.705002
0.0175219
0.32239
0.403807
0.0321753
0.981032
0.715275
0.366871
0.0530709
0.0984236
0.166318
0.407695
0.20484
0.52576
0.40059
0.388346
0.892025
0.142506
0.549728
0.863766
0.495014
0.925156
0.803014
0.903385
0.834164
0.0930069
0.731901
0.947211
0.423862
0.598175
0.132895
0.865467
0.124551
0.520049
0.93139
0.107248
0.577993
0.984292
0.620749
0.631556
0.0708151
0.98638
0.117695
0.779335
0.141404
0.0872654
0.23722
0.431399
0.393516
0.13122
0.737461
0.357013
0.591193
0.995959
0.168845
0.0965516
0.401852
0.168876
0.887059
0.319492
0.507662
0.889568
0.615027
0.84779
0.737975
0.289335
0.518468
0.96317
0.057072
0.469112
0.534357
0.00580365
0.437627
0.300943
0.839462
0.679964
0.761765
0.0490782
0.832526
0.502917
0.924737
0.88624
0.861933
0.666678
0.170944
0.693372
0.953461
0.218098
0.589743
0.80939
0.40792
0.531487
0.911549
0.0432501
0.993107
0.514012
0.0393866
0.970534
0.381361
0.193633
0.678358
0.458161
0.528617
0.547829
0.38321
0.878386
0.760655
0.500666
0.351949
0.276918
0.871799
0.506119
0.576128
0.636857
0.477409
0.471607
0.460651
0.941454
0.632994
0.79256
0.285065
0.0117417
0.644687
0.0415978
0.521724
0.287059
0.0220899
0.429111
0.562167
0.956943
0.768388
0.900913
0.37904
0.476671
0.55108
0.167413
0.445333
0.552994
0.500337
0.0366286
0.158136
0.343074
0.634837
0.268057
0.339619
0.708566
0.808349
0.232808
0.782887
0.739257
0.291387
0.0495436
0.267793
0.948997
0.594157
0.89445
0.91246
0.813861
0.225698
0.883531
0.916226
0.00823109
0.372887
0.543685
0.834407
0.679087
0.381248
0.6612
0.322255
0.710367
0.278434
0.722271
0.436216
0.996614
0.370057
0.848271
0.521567
0.860196
0.819214
0.340654
0.353803
0.319071
0.811172
0.174354
0.636735
0.84092
0.620853
0.548166
0.646446
0.750506
0.160121
0.921502
0.667222
0.605163
0.336242
0.450821
0.0111326
0.160894
0.566979
0.453873
0.264549
0.756787
0.681575
0.344588
0.745322
0.179151
0.432814
0.42925
0.832422
0.902412
0.462779
0.262496
0.45661
0.143235
0.325176
0.291496
0.134916
0.328582
0.518186
0.707207
0.350291
0.665675
0.270544
0.204377
0.334221
0.861864
0.649167
0.0655697
0.249441
0.535434
0.737786
0.286891
0.779253
0.110118
0.584732
0.120747
0.22384
0.596096
0.942892
0.549045
0.213084
0.26677
0.341472
0.0927704
0.972565
0.143759
0.693185
0.118621
0.418099
0.843049
0.816232
0.506519
0.076844
0.521503
0.21342
0.970454
0.0811188
0.612622
0.99555
0.637053
0.786419
0.275847
0.770565
0.0746088
0.257349
0.056846
0.0553071
0.531291
0.312475
0.73142
0.392745
0.765651
0.0383272
0.941936
0.594088
0.066501
0.762445
0.891265
0.835385
0.183695
0.154714
0.796543
0.626862
0.294678
0.731561
0.600986
0.172979
0.996126
0.364333
0.475593
0.63977
0.0180607
0.662121
0.0521514
0.0501304
0.755921
0.437595
0.657977
0.745653
0.618524
0.50245
0.806836
0.579074
0.371369
0.819033
0.457216
0.737197
0.628453
0.11467
0.837135
0.570775
0.848972
0.605687
0.645222
0.141733
0.194354
0.290851
0.605837
0.0251783
0.00163644
0.174492
0.553196
0.340987
0.734422
0.649257
0.430408
0.195581
0.563916
0.988203
0.636934
0.217778
0.0911851
0.90433
0.717935
0.706891
0.440504
0.488722
0.790782
0.841814
0.0397704
0.740594
0.320092
0.625868
0.973951
0.786606
0.320022
0.160688
0.831385
0.363641
0.383874
0.185831
0.826983
0.329753
0.0230576
0.454563
0.93653
0.744585
0.0497255
0.907083
0.95856
0.207778
0.906629
0.889303
0.789097
0.149586
0.0788954
0.331873
0.00141345
0.652728
0.366325
0.205829
0.00165616
0.960321
0.652583
0.493774
0.664151
0.0527002
0.806353
0.47277
0.862105
0.0586002
0.797855
0.179857
0.556342
0.932764
0.537231
0.104418
0.66343
0.257002
0.18968
0.130877
0.447332
0.592836
0.84494
0.210982
0.779226
0.336639
0.0813391
0.35497
0.589303
0.280264
0.994173
0.286917
0.661684
0.124632
0.488396
0.285981
0.615829
0.781076
0.802838
0.265276
0.102912
0.223446
0.65157
0.759958
0.343943
0.202276
0.569167
0.366359
0.582147
0.425564
0.228889
0.106006
0.447869
0.729262
0.923555
0.81516
0.61926
0.159689
0.863938
0.980189
0.124097
0.220128
0.590725
0.271142
0.664099
0.103073
0.490701
0.259579
0.283284
0.0254739
0.858869
0.158654
0.15899
0.276001
0.972189
0.28962
0.936767
0.244917
0.738172
0.952907
0.110775
0.980216
0.722855
0.97867
0.213576
0.215371
0.575985
0.680974
0.511516
0.386894
0.957701
