0.283676
0.308237
0.942788
0.212587
0.744891
0.679214
0.186789
0.630864
0.417326
0.241808
0.203593
0.990839
0.592958
0.0333289
0.973636
0.192535
0.876854
0.582508
0.814274
0.78697
0.470617
0.965773
0.417218
0.014891
0.369643
0.420937
0.92079
0.369064
0.732688
0.144732
0.327755
0.179405
0.555652
0.0401287
0.252002
0.158787
0.461165
0.43794
0.235694
0.761377
0.431342
0.900573
0.0959129
0.947621
0.923855
0.608983
0.640039
0.301713
0.767709
0.361815
0.338564
0.490974
0.167711
0.707144
0.472918
0.826316
0.838603
0.65763
0.395595
0.894502
0.869659
0.383397
0.713077
0.104714
0.235236
0.0074763
0.779169
0.79766
0.82929
0.358409
0.00386333
0.967691
0.288549
0.501866
0.0573756
0.794539
0.339915
0.946407
0.312151
0.238621
0.978403
0.753752
0.77681
0.204692
0.0457106
0.787307
0.375393
0.447478
0.697153
0.261443
0.462674
0.942687
0.576239
0.441101
0.513196
0.355662
0.749358
0.878937
0.066898
0.607232
0.652837
0.393302
0.146867
0.880074
0.377732
0.453989
0.441654
0.117498
0.873127
0.217097
0.401131
0.882631
0.313569
0.0990305
0.107238
0.100144
0.867652
0.251262
0.278625
0.861659
0.67427
0.294082
0.0447148
0.0211534
0.30493
0.0521049
0.28878
0.862994
0.39951
0.504312
0.323877
0.133851
0.546672
0.933196
0.346462
0.369517
0.655788
0.596504
0.80392
0.901588
0.674318
0.337625
0.566791
0.284154
0.863085
0.504219
0.691413
0.600482
0.465827
0.887942
0.874413
0.202143
0.102737
0.0222405
0.895722
0.375995
0.134126
0.525703
0.0305884
0.940959
0.536509
0.56233
0.648821
0.553202
0.550373
0.1747
0.974998
0.619668
0.422096
0.20815
0.0486543
0.961439
0.901922
0.379804
0.599758
0.370663
0.106783
0.378731
0.810256
0.30973
0.717663
0.144128
0.0380385
0.635086
0.76081
0.262456
0.219647
0.188019
0.662569
0.953194
0.34112
0.81454
0.976219
0.560567
0.404254
0.437342
0.786109
0.245749
0.903298
0.462593
0.525351
0.500351
0.00954097
0.34224
0.344249
0.18208
0.0545097
0.358719
0.734672
0.713462
0.884701
0.313227
0.194751
0.880322
0.723818
0.984333
0.171415
0.99234
0.986008
0.412746
0.213118
0.692438
0.589902
0.882607
0.583187
0.103138
0.727086
0.245372
0.287383
0.887694
0.260683
0.159071
0.889139
0.693799
0.672733
0.585725
0.301876
0.704809
0.353371
0.954129
0.617383
0.669805
0.76338
0.0118879
0.856722
0.632326
0.532196
0.708193
0.584132
0.836824
0.604685
0.862732
0.191881
0.347247
0.554684
0.974587
0.060828
0.276453
0.911698
0.838444
0.969864
0.848999
0.374608
0.561056
0.880629
0.32933
0.300757
0.097601
0.127008
0.0770003
0.7777
0.918301
0.54337
0.324588
0.272031
0.76605
0.442106
0.662752
0.240501
0.431749
0.588599
0.815547
0.439541
0.528331
0.597673
0.487022
0.497886
0.237021
0.943252
0.507247
0.409759
0.553835
0.0445922
0.129355
0.888337
0.481849
0.9811
0.573624
0.573674
0.213463
0.778715
0.753671
0.117035
0.857439
0.441066
0.848526
0.39363
0.835617
0.860488
0.0257548
0.50422
0.0315542
0.4904
0.481532
0.279243
0.167092
0.702764
0.935073
0.590592
0.0282598
0.14499
0.279903
0.221405
0.567122
0.0215793
0.0151136
0.251373
0.594354
0.491782
0.18356
0.931159
0.138045
0.432022
0.651918
0.832938
0.773831
0.421835
0.776871
0.0850624
0.259308
0.403616
0.0815201
0.249139
0.664204
0.752761
0.817033
0.576897
0.476043
0.360998
0.0764793
0.691334
0.425919
0.0714121
0.0868428
0.500669
0.0260749
0.668931
0.551061
0.169536
0.246925
0.414421
0.100785
0.389945
0.117654
0.121261
0.27337
0.199734
0.607399
0.609505
0.334374
0.778993
0.426001
0.853093
0.141807
0.173027
0.0371979
0.0483561
0.374072
0.540374
0.193994
0.450666
0.987713
0.0599954
0.349837
0.517902
0.228284
0.882349
0.836391
0.366745
0.0727732
0.2229
0.0836497
0.140437
0.996923
0.438974
0.329815
0.850733
0.085267
0.641324
0.359146
0.623061
0.0765354
0.447274
0.67206
0.235452
0.821135
0.113473
0.391889
0.974786
0.694255
0.133948
0.651476
0.31
0.735945
0.272474
0.136604
0.279771
0.638136
0.790492
0.0143986
0.543873
0.312146
0.660192
0.0880411
0.655183
0.023574
0.627195
0.712503
0.659024
0.0246307
0.0572768
0.388268
0.863424
0.672018
0.200081
0.810746
0.440859
0.570537
0.0571122
0.804798
0.844936
0.346669
0.848732
0.531926
0.718903
0.642179
0.116368
0.102334
0.205051
0.293148
0.587836
0.781877
0.442965
0.923229
0.0153205
0.570453
0.412501
0.408971
0.893524
0.580311
0.644204
0.308828
0.485556
0.0488268
0.0381978
0.67114
0.708853
0.127718
0.640558
0.025091
0.308979
0.0930068
0.538102
0.166061
0.513971
0.0858286
0.678557
0.910132
0.559627
0.970082
0.401034
0.84166
0.380256
0.986708
0.64507
0.442404
0.929269
0.825614
0.647596
0.237806
0.138579
0.045971
0.402437
0.241799
0.852289
0.328428
0.174552
0.391463
0.173239
0.47837
0.604799
0.861429
0.808079
0.100403
0.912718
0.386258
0.708804
0.850273
0.349252
0.723992
0.899344
0.966234
