0.29454
0.906063
0.0621172
0.650289
0.253605
0.0164907
0.928095
0.411474
0.57237
0.2259
0.970057
0.696004
0.951675
0.291433
0.929342
0.305495
0.548843
0.820035
0.520963
0.626375
0.703008
0.863537
0.306903
0.747436
0.779876
0.59188
0.3711
0.260001
0.0292133
0.714312
0.40597
0.143767
0.742836
0.324957
0.273839
0.165533
0.788611
0.402592
0.862702
0.878945
0.746286
0.578071
0.891969
0.667251
0.768117
0.546085
0.0485747
0.387238
0.749081
0.727561
0.295059
0.0590865
0.0948867
0.897481
0.956618
0.454084
0.839693
0.355016
0.213068
0.175693
0.763058
0.0607116
0.275874
0.750484
0.839071
0.493138
0.467996
0.787772
0.583529
0.519677
0.0570854
0.685506
0.633663
0.793421
0.333864
0.684733
0.657109
0.744503
0.684675
0.218016
0.187794
0.484917
0.660928
0.0544302
0.904282
0.493717
0.149249
0.286362
0.828691
0.161706
0.343255
0.410342
0.589061
0.232931
0.18721
0.149695
0.691762
0.945168
0.694358
0.917469
0.879657
0.955412
0.189487
0.742466
0.975108
0.17136
0.617157
0.29687
0.925295
0.81346
0.513868
0.96224
0.117471
0.29239
0.668128
0.0321918
0.0755182
0.286515
0.510738
0.898509
0.25494
0.342976
0.82652
0.577258
0.278475
0.0570487
0.554029
0.358794
0.371734
0.91747
0.898343
0.204035
0.717872
0.0807874
0.605168
0.850177
0.632724
0.930449
0.345555
0.217211
0.293552
0.386524
0.764711
0.000366856
0.322804
0.0752196
0.953126
0.022911
0.445403
0.65232
0.975612
0.485876
0.353753
0.660143
0.390612
0.80154
0.88895
0.291298
0.32583
0.841204
0.961053
0.67678
0.397061
0.71149
0.512657
0.0132206
0.94758
0.27087
0.914184
0.088107
0.979349
0.493063
0.240243
0.418683
0.0445024
0.0300803
0.265017
0.859269
0.615936
0.875987
0.675784
0.406204
0.925275
0.582163
0.987134
0.469559
0.390398
0.573666
0.817592
0.577813
0.221393
0.00819516
0.20509
0.717
0.766689
0.892213
0.318708
0.393616
0.713276
0.11761
0.376188
0.392849
0.16404
0.831008
0.875637
0.739896
0.973187
0.0179111
0.74051
0.750392
0.315195
0.177903
0.887867
0.643304
0.525444
0.30649
0.839226
0.936174
0.967383
0.200148
0.774137
0.427192
0.904439
0.564625
0.194651
0.91066
0.422471
0.220066
0.740011
0.436339
0.21477
0.358767
0.57415
0.259538
0.211203
0.775163
0.810949
0.638873
0.175753
0.110438
0.443899
0.208983
0.0993675
0.860771
0.458141
0.974805
0.747753
0.269713
0.327809
0.0947761
0.25492
0.183477
0.0864656
0.390697
0.423621
0.208217
0.775404
0.433746
0.802326
0.743534
0.0663459
0.267855
0.681361
0.226691
0.800664
0.601711
0.512391
0.732566
0.264307
0.926936
0.186559
0.416376
0.812318
0.623399
0.978394
0.354876
0.0446211
0.662472
0.0929578
0.26465
0.106728
0.770569
0.485589
0.387321
0.775894
0.202119
0.931107
0.526513
0.530327
0.357926
0.0219501
0.239594
0.239043
0.416527
0.353588
0.452763
0.1748
0.922667
0.781321
0.370926
0.8958
0.128315
0.921276
0.968426
0.813757
0.198492
0.964746
0.855186
0.393283
0.619663
0.695007
0.149583
0.400415
0.424405
0.76713
0.298026
0.0440003
0.964714
0.884915
0.21198
0.540132
0.651932
0.221831
0.509103
0.917062
0.916224
0.0387939
0.343209
0.795582
0.917074
0.43332
0.607467
0.977522
0.383692
0.0809326
0.982056
0.429603
0.594755
0.181531
0.372812
0.88673
0.898001
0.00904429
0.881788
0.375659
0.741745
0.521018
0.938757
0.458508
0.965039
0.857269
0.0455901
0.855479
0.691911
0.284804
0.811474
0.820226
0.981998
0.580543
0.343852
0.922865
0.784625
0.0436257
0.00772202
0.671838
0.351577
0.112389
0.306193
0.0922127
0.608679
0.62098
0.799023
0.532785
0.370572
0.792104
0.143315
0.213203
0.846871
0.98021
0.330937
0.441825
0.968654
0.999853
0.0267558
0.030784
0.640773
0.628576
0.0449591
0.344685
0.83264
0.117647
0.130443
0.0025315
0.88729
0.494553
0.532304
0.316646
0.429635
0.521891
0.965039
0.71645
0.561085
0.480438
0.0349089
0.253291
0.310665
0.73981
0.0885342
0.245852
0.801398
0.0251806
0.339336
0.367061
0.616696
0.33663
0.631291
0.930229
0.89331
0.0771794
0.515891
0.492139
0.523969
0.610698
0.150948
0.0516542
0.08143
0.497061
0.0751577
0.97543
0.415371
0.180381
0.19358
0.021956
0.359781
0.0384808
0.255036
0.292883
0.722843
0.763966
0.975609
0.475667
0.839906
0.658168
0.259786
0.183416
0.212219
0.782107
0.972931
0.073097
0.203191
0.0512597
0.053183
0.829125
0.556162
0.922246
0.428537
0.0497727
0.838236
0.341486
0.922807
0.930309
0.865822
0.897415
0.171186
0.116876
0.650675
0.0253938
0.171369
0.632826
0.48856
0.914502
0.353373
0.695473
0.791823
0.636966
0.536276
0.121773
0.192332
0.225114
0.541226
0.775218
0.910381
0.853789
0.957611
0.769994
0.134396
0.19643
0.0933187
0.112367
0.100594
0.141302
0.824495
0.93254
0.145859
0.0282326
0.35663
0.19293
0.0169313
0.536409
0.308608
0.878517
0.429558
0.419431
0.322306
0.976544
0.41674
0.284818
0.0763249
0.306051
0.549015
0.612071
0.352951
