0.406454
0.4819
0.210715
0.445042
0.873643
0.477092
0.0400959
0.178713
0.713872
0.65995
0.854821
0.961834
0.470425
0.92698
0.383228
0.286273
0.727024
0.193186
0.93799
0.364211
0.160239
0.593652
0.00763852
0.596191
0.583181
0.541299
0.35237
0.734274
0.280162
0.252593
0.862864
0.676655
0.312624
0.868585
0.0269388
0.398085
0.326226
0.861016
0.69638
0.382902
0.289895
0.638658
0.398613
0.319502
0.62214
0.0991519
0.76059
0.526101
0.110476
0.786764
0.966809
0.158825
0.195374
0.803216
0.734281
0.20637
0.811743
0.55463
0.29939
0.179807
0.646708
0.241576
0.91105
0.791945
0.537048
0.0815794
0.038719
0.183258
0.523418
0.970048
0.0472395
0.426334
0.727813
0.108909
0.862225
0.458509
0.966468
0.29751
0.448319
0.626732
0.317445
0.221609
0.246281
0.458241
0.75774
0.12957
0.660757
0.212041
0.829011
0.378342
0.28749
0.317055
0.774289
0.369884
0.671303
0.71773
0.930358
0.719183
0.861498
0.0347612
0.0200728
0.616625
0.859996
0.561579
0.91745
0.268591
0.880957
0.452458
0.381938
0.713996
0.839463
0.325194
0.126336
0.965521
0.388806
0.829889
0.681402
0.0146451
0.546873
0.147531
0.537276
0.581707
0.118893
0.995193
0.0817137
0.11836
0.822557
0.0299534
0.651143
0.789748
0.835907
0.189812
0.584798
0.757843
0.286877
0.889221
0.50701
0.373177
0.0971251
0.694887
0.387137
0.411051
0.221482
0.920596
0.651095
0.359162
0.765956
0.535085
0.0314743
0.671875
0.475675
0.713115
0.231611
0.0611457
0.207166
0.338277
0.468324
0.477222
0.201284
0.347578
0.282424
0.334548
0.110653
0.0759898
0.232536
0.558512
0.697574
0.295365
0.729663
0.902491
0.726858
0.101126
0.0749451
0.391046
0.849671
0.913837
0.678981
0.504034
0.71972
0.871853
0.776741
0.516183
0.636067
0.0248432
0.102912
0.0863926
0.631864
0.655737
0.958863
0.635606
0.121771
0.192816
0.373584
0.946848
0.977211
0.634285
0.13682
0.310874
0.290121
0.695738
0.0486946
0.339889
0.774621
0.409267
0.889964
0.88025
0.696036
0.852026
0.600118
0.847825
0.27937
0.756391
0.436409
0.703424
0.608181
0.151774
0.711545
0.6987
0.883214
0.268301
0.0777382
0.0619544
0.593311
0.149107
0.174087
0.500336
0.380805
0.0513912
0.171033
0.0040965
0.677922
0.71104
0.611195
0.352727
0.529788
0.667566
0.516533
0.340206
0.458545
0.909784
0.6995
0.15243
0.400139
0.356139
0.379156
0.322119
0.182913
0.0317696
0.986255
0.760426
0.191416
0.209493
0.162446
0.810468
0.990491
0.66488
0.370309
0.0533494
0.112868
0.044305
0.132578
0.0202266
0.134148
0.520226
0.777258
0.248957
0.289263
0.0196297
0.845655
0.150907
0.980387
0.897666
0.931586
0.987809
0.53438
0.857842
0.0163775
0.284174
0.388884
0.433942
0.293002
0.0858554
0.879755
0.481944
0.826652
0.280185
0.528597
0.822432
0.884617
0.495349
0.934478
0.465189
0.467359
0.174888
0.549814
0.140016
0.21266
0.280815
0.320648
0.246376
0.0964123
0.355134
0.823231
0.331738
0.882897
0.137129
0.101534
0.859063
0.699978
0.15743
0.596839
0.989451
0.955402
0.190944
0.171469
0.639977
0.466395
0.352524
0.952467
0.780314
0.213948
0.696269
0.0893983
0.651206
0.837403
0.188587
0.185589
0.570682
0.909708
0.9237
0.352418
0.739837
0.453424
0.134101
0.526358
0.302386
0.789297
0.0301226
0.47326
0.192144
0.142648
0.0705941
0.0750963
0.302255
0.123396
0.806427
0.0662008
0.698295
0.508686
0.687579
0.770711
0.591226
0.894161
0.413146
0.0962656
0.203542
0.771329
0.859893
0.438814
0.738267
0.873643
0.00438267
0.624176
0.759347
0.0156298
0.683194
0.209923
0.782545
0.205557
0.154339
0.763426
0.880609
0.0131241
0.174419
0.760668
0.0524636
0.929883
0.588297
0.784997
0.743659
0.467247
0.353554
0.0554689
0.501115
0.101567
0.731535
0.923432
0.642628
0.808038
0.678981
0.90614
0.151216
0.325968
0.430342
0.818933
0.640237
0.47453
0.0201735
0.614298
0.988608
0.265195
0.510536
0.118376
0.379943
0.780421
0.338417
0.207715
0.544534
0.739387
0.994277
0.437476
0.534371
0.364969
0.256311
0.674868
0.670889
0.845205
0.764752
0.692633
0.196311
0.546612
0.865498
0.0682143
0.415541
0.767253
0.405551
0.796348
0.145435
0.227891
0.531023
0.10543
0.653798
0.343145
0.462321
0.382422
0.412361
0.979453
0.950633
0.907672
0.44431
0.330085
0.0656987
0.132808
0.341917
0.491643
0.122847
0.308518
0.00881901
0.903815
0.372337
0.567378
0.120413
0.984044
0.512115
0.581789
0.0386712
0.113445
0.707413
0.0844126
0.0603245
0.972692
0.230249
0.113209
0.524183
0.489466
0.467006
0.688807
0.750318
0.0814029
0.087894
0.899652
0.830292
0.161294
0.0710505
0.759545
0.226589
0.566227
0.0121819
0.370437
0.796854
0.525149
0.514441
0.376692
0.236521
0.796914
0.269696
0.699258
0.893065
0.602135
0.170118
0.239776
0.566878
0.641141
0.752316
0.228237
0.549691
0.711784
0.67823
0.932471
0.903752
0.122567
0.826828
0.732636
0.775704
0.505129
0.191527
0.9986
0.224475
0.513852
0.697351
0.024885
0.164031
