0.810104
0.402719
0.181935
0.524836
0.138258
0.198873
0.890147
0.399781
0.0767753
0.370891
0.214823
0.712857
0.722082
0.0310831
0.506775
0.398591
0.330897
0.510064
0.317287
0.0780821
0.154
0.0843316
0.427973
0.285125
0.796347
0.827949
0.104487
0.0452269
0.423804
0.258335
0.599294
0.901743
0.883236
0.199652
0.803542
0.0865951
0.701122
0.763427
0.752019
0.00532965
0.900026
0.597624
0.294886
0.639402
0.122031
0.292926
0.973124
0.314349
0.429069
0.885332
0.0742858
0.243741
0.697788
0.161758
0.807976
0.39924
0.230963
0.481838
0.608836
0.744205
0.745026
0.961488
0.960282
0.485984
0.449268
0.78751
0.619843
0.980703
0.334726
0.847417
0.200892
0.190085
0.0768474
0.417049
0.859802
0.480997
0.733836
0.340464
0.0506363
0.659648
0.955224
0.266155
0.0431721
0.942387
0.0669938
0.704056
0.949367
0.764476
0.165075
0.075541
0.775634
0.339924
0.497239
0.273644
0.468124
0.9409
0.55336
0.480541
0.328981
0.622506
0.0421148
0.182134
0.581052
0.557759
0.896204
0.627737
0.49428
0.316887
0.244199
0.765235
0.0225347
0.0937352
0.0412639
0.886532
0.422292
0.0544043
0.757753
0.14471
0.0841193
0.126398
0.266901
0.968028
0.204822
0.184514
0.760467
0.348099
0.610891
0.355222
0.823514
0.987369
0.32492
0.0712226
0.598409
0.223113
0.664901
0.355935
0.53739
0.539387
0.688447
0.935656
0.253778
0.999203
0.396439
0.719268
0.102053
0.320912
0.729593
0.83793
0.134019
0.807225
0.118399
0.574273
0.264214
0.16068
0.100635
0.67507
0.840827
0.250159
0.422704
0.647308
0.77223
0.186601
0.380211
0.0259025
0.858868
0.0603626
0.687265
0.767466
0.990379
0.936712
0.627729
0.48987
0.694294
0.829542
0.876441
0.680261
0.792203
0.0917352
0.70113
0.384585
0.797288
0.951243
0.383782
0.793731
0.119563
0.755635
0.406093
0.100081
0.408738
0.84948
0.0986222
0.84578
0.301471
0.85765
0.0829403
0.369684
0.108616
0.66645
0.714354
0.0927394
0.902494
0.590615
0.618013
0.500093
0.703426
0.62167
0.0490029
0.473418
0.705855
0.761286
0.0823352
0.182037
0.259948
0.0223634
0.843364
0.256121
0.375814
0.372353
0.17455
0.588192
0.794573
0.611831
0.175314
0.728062
0.802971
0.630994
0.64089
0.349511
0.81211
0.40007
0.980139
0.411837
0.031635
0.941399
0.567015
0.38924
0.189644
0.320444
0.386469
0.495887
0.505036
0.485982
0.251548
0.299982
0.301393
0.35561
0.609947
0.151786
0.821944
0.434222
0.549446
0.183771
0.410049
0.44872
0.990818
0.792295
0.730731
0.247965
0.0488727
0.350704
0.0498783
0.892132
0.977426
0.544304
0.540162
0.261802
0.270437
0.416286
0.430578
0.471196
0.654179
0.244333
0.174251
0.459946
0.206991
0.711525
0.770059
0.018787
0.592111
0.184592
0.391941
0.292992
0.298065
0.793715
0.590399
0.822012
0.685182
0.871146
0.370406
0.123788
0.875073
0.492083
0.303822
0.928452
0.445763
0.123456
0.333189
0.662672
0.339624
0.275006
0.687252
0.110474
0.33526
0.0242398
0.406072
0.383634
0.706836
0.674614
0.393279
0.582074
0.341312
0.378902
0.373792
0.812938
0.862033
0.0546454
0.0573475
0.870738
0.444761
0.89854
0.0206323
0.250421
0.47945
0.239386
0.386021
0.992019
0.594789
0.0170723
0.3598
0.022434
0.176988
0.131195
0.892651
0.479422
0.496852
0.348378
0.100473
0.117166
0.14082
0.183251
0.174679
0.337559
0.960052
0.081747
0.978531
0.576431
0.306327
0.638545
0.257646
0.663315
0.351382
0.339526
0.984094
0.45986
0.890883
0.215766
0.456452
0.893016
0.156658
0.604232
0.0321875
0.744308
0.954604
0.739229
0.0427495
0.641441
0.00925516
0.95423
0.27956
0.583896
0.421709
0.118514
0.287369
0.903526
0.243927
0.827858
0.317878
0.920355
0.675643
0.581799
0.243157
0.94564
0.557164
0.753361
0.0635548
0.358397
0.510756
0.54366
0.951588
0.242519
0.0308555
0.812047
0.650507
0.991669
0.563378
0.728655
0.536047
0.0511751
0.818346
0.642586
0.618708
0.395205
0.660973
0.382024
0.369421
0.033423
0.492277
0.95367
0.539709
0.746618
0.959762
0.358674
0.114992
0.427791
0.340771
0.523745
0.441377
0.862623
0.775767
0.843347
0.926484
0.357625
0.157742
0.523347
0.463134
0.918704
0.768725
0.0208002
0.769068
0.341963
0.182708
0.726267
0.710787
0.164347
0.355295
0.51219
0.747203
0.332192
0.578174
0.815162
0.812596
0.511025
0.389869
0.409677
0.767087
0.561089
0.753704
0.860498
0.494058
0.25262
0.919883
0.239236
0.465581
0.571929
0.611866
0.829183
0.319364
0.718119
0.129209
0.746712
0.304278
0.213792
0.117554
0.240137
0.109252
0.731018
0.942356
0.169152
0.398111
0.423232
0.878905
0.344179
0.19725
0.815175
0.0935522
0.726593
0.0769161
0.919569
0.0652455
0.164478
0.778565
0.330999
0.512847
0.555482
0.138079
0.052078
0.0260079
0.768533
0.424724
0.798015
0.951361
0.0505258
0.0634854
0.314418
0.251961
0.383425
0.204714
0.160059
0.738608
0.661036
0.0662456
0.634889
0.418005
0.257855
0.032357
0.0829687
0.998469
0.659398
0.36847
0.963523
0.561281
0.671982
