0.804185
0.812632
0.0720727
0.101732
0.840995
0.131182
0.824831
0.436369
0.895401
0.334769
0.911198
0.875702
0.344596
0.787651
0.577886
0.831062
0.206299
0.540789
0.663469
0.234309
0.505198
0.471969
0.713362
0.234144
0.677368
0.0368695
0.676036
0.962569
0.805964
0.208532
0.706282
0.0769264
0.608564
0.432617
0.225255
0.252909
0.0109013
0.481903
0.353025
0.472341
0.130615
0.887445
0.695117
0.971125
0.0641556
0.917115
0.591674
0.123121
0.361998
0.223724
0.363918
0.982744
0.855459
0.838846
0.355361
0.132675
0.904155
0.680229
0.898944
0.363621
0.719732
0.893541
0.383285
0.880377
0.316058
0.893891
0.166775
0.558217
0.0359027
0.706028
0.164933
0.910705
0.623714
0.364926
0.993236
0.88935
0.725769
0.613716
0.696005
0.700948
0.777832
0.352327
0.375111
0.501955
0.42884
0.511219
0.010847
0.157765
0.54458
0.625971
0.802886
0.135305
0.111126
0.33448
0.621881
0.495506
0.322354
0.810052
0.224412
0.918902
0.862472
0.102594
0.399934
0.457515
0.51324
0.0587129
0.37351
0.0239777
0.735144
0.603758
0.274002
0.924325
0.967555
0.852976
0.511373
0.887729
0.656572
0.0770912
0.622308
0.940302
0.124915
0.667186
0.511367
0.446836
0.154645
0.603289
0.316492
0.668245
0.692366
