0.0320918
0.0601574
0.293744
0.101831
0.741629
0.992581
0.987851
0.0382538
0.096169
0.053623
0.200115
0.0976994
0.612083
0.911658
0.35692
0.335621
0.677915
0.109987
0.0437638
0.521755
0.285791
0.425276
0.954644
0.119635
0.704205
0.411385
0.279017
0.802828
0.129437
0.759652
0.146189
0.845994
0.985039
0.65443
0.755806
0.710127
0.276043
0.211851
0.809964
0.200607
0.228199
0.707689
0.547419
0.607215
0.28956
0.812243
0.584363
0.415173
0.205818
0.581146
0.797041
0.287132
0.878634
0.172083
0.0771449
0.148838
0.0773195
0.720204
0.342288
0.0539016
0.555568
0.0881401
0.964221
0.667219
0.147203
0.22824
0.152843
0.629491
0.746671
0.833208
0.384945
0.886972
0.759614
0.119144
0.460011
0.529336
0.558814
0.579221
0.23687
0.849933
0.0253534
0.587773
0.41348
0.859943
0.180228
0.441039
0.938515
0.372209
0.147707
0.0996745
0.280486
0.337084
0.178456
0.899925
0.437089
0.0434312
0.0625711
0.239868
0.839433
0.253641
0.0595093
0.119441
0.245278
0.867673
0.955566
0.862393
0.194466
0.0405423
0.286466
0.550613
0.524837
0.524786
0.40111
0.847392
0.3742
0.198881
0.0594116
0.835104
0.0444234
0.828183
0.446157
0.607572
0.0638325
0.53978
0.32565
0.949268
0.362695
0.364813
0.057964
